     resid       ele       e_VAR       vdw       v_var      count      c_var      vol_c       vol_ 
     00671   -0.53628    0.50647   -0.02841    0.02085    3.29412    2.13555  303.57143 -164.69305
     00672   -0.00733    0.02949   -0.03077    0.01305    4.94118    2.11819  202.38095 -269.71986
     00673   -0.02851    0.03768   -0.02634    0.01144    3.66667    1.68810  272.72727 -319.65557
     00674   -0.03330    0.05420   -0.02825    0.02721    1.58824    1.30123  629.62963 -138.87506
     00675   -0.03610    0.06724   -0.05078    0.02874    3.92157    2.14058  255.00000 -212.16305
     00676   -0.01673    0.02669   -0.02913    0.01429    4.70588    1.89213  212.50000 -316.00450
     00677   -0.00490    0.02009   -0.01977    0.01320    2.23529    1.32233  447.36842 -308.87211
     00678    0.45464    0.31037   -0.04857    0.02500    3.23529    1.68719  309.09091 -283.61188
     00679    0.01125    0.03481   -0.02607    0.01306    4.56863    1.92257  218.88412 -301.25332
     00680    0.01261    0.03456   -0.03354    0.01703    3.45098    1.66054  289.77273 -312.44015
     00681    0.33722    0.15817   -0.05002    0.02320    2.98039    1.37898  335.52632 -389.64918
     00682   -0.04511    0.06617   -0.03314    0.01946    3.29412    1.77448  303.57143 -259.97308
     00683   -0.05664    0.05012   -0.02651    0.01482    4.27451    1.73859  233.94495 -341.23489
     00684    0.01069    0.04487   -0.03360    0.02155    3.05882    1.77578  326.92308 -236.20904
     00685   -0.03301    0.04850   -0.02462    0.01954    2.17647    1.50432  459.45946 -205.29314
     00686    0.00924    0.07038   -0.10732    0.09083    2.01961    1.48839  495.14563 -176.72174
     00687    0.00280    0.03890   -0.01996    0.01609    1.17647    0.87908  850.00000 -287.55433
     00688    0.01792    0.05837   -0.02604    0.01970    1.86275    1.18850  536.84211 -304.55420
     00689   -0.04671    0.13126   -0.04486    0.03200    1.92157    1.21821  520.40816 -300.46588
     00690    0.38991    0.31602   -0.04454    0.03057    2.35294    1.36946  425.00000 -305.21253
     00691    0.01906    0.08980   -0.05330    0.02786    3.35294    1.70148  298.24561 -289.47739
     00692   -0.01040    0.08389   -0.04830    0.03444    3.09804    1.93274  322.78481 -194.61519
     00693   -0.03192    0.08406   -0.04791    0.02786    2.47059    1.41910  404.76190 -299.91077
     00694   -0.02731    0.06145   -0.02857    0.01679    2.70588    1.31796  369.56522 -389.18192
     00695    0.38895    0.28691   -0.03978    0.02061    2.47059    1.16068  404.76190 -456.80325
     00696   -0.04545    0.06899   -0.02566    0.01603    2.56863    1.49843  389.31298 -278.05252
     00697   -0.04600    0.03999   -0.02243    0.01162    3.37255    1.44114  296.51163 -397.38198
     00698   -0.01640    0.04783   -0.02077    0.01462    2.60784    1.65776  383.45865 -219.76437
     00699   -0.00150    0.05766   -0.02959    0.02754    1.49020    1.07325  671.05263 -260.69709
     00700    0.00540    0.05054   -0.02291    0.02922    0.74510    0.78823 1342.10526   73.43285
     00701   -0.04343    0.05546   -0.02020    0.02129    0.86275    0.79260 1159.09091 -102.57437
     00702   -0.08169    0.13222   -0.03103    0.02777    1.31373    0.82818  761.19403 -446.26597
     00703    0.00565    0.07553   -0.03808    0.05015    0.76471    0.85379 1307.69231  136.43852
     00704   -0.05113    0.16705   -0.02267    0.07004    0.09804    0.29737 10200.00000 6837.15959
     00705   -0.11022    0.15457   -0.02896    0.03214    0.52941    0.57233 1888.88889  141.65768
     00706    0.35764    0.43344   -0.04144    0.03849    1.00000    0.86319 1000.00000 -158.49267
     00707    0.01364    0.06128   -0.01829    0.03465    0.27451    0.48823 3642.85714 1594.64785
     00708   -0.00924    0.06756   -0.01612    0.03596    0.17647    0.38122 5666.66667 3043.50972
     00709    0.34000    0.38526   -0.03863    0.03456    1.62745    1.28278  614.45783 -165.09992
     00710   -0.51936    0.58539   -0.07512    0.07332    1.33333    1.19913  750.00000  -83.93917
     00711    0.02715    0.08638   -0.03187    0.03749    0.49020    0.53770 2040.00000  180.22136
     00712    0.00364    0.03659   -0.02568    0.01684    1.88235    1.24691  531.25000 -270.73197
     00713    0.02156    0.04332   -0.03031    0.01883    3.68627    2.07213  271.27660 -211.31802
     00714   -0.03809    0.11341   -0.06110    0.03999    3.13725    1.84730  318.75000 -222.57929
     00715   -0.00247    0.02305   -0.02103    0.01498    1.15686    0.77643  864.40678 -423.53771
     00716   -0.02299    0.02812   -0.02813    0.01616    3.78431    2.01284  264.24870 -232.56215
     00717   -0.78251    0.47565   -0.05067    0.02527    4.72549    2.25856  211.61826 -231.14079
     00718   -0.00113    0.04907   -0.05205    0.03170    1.00000    0.59409 1000.00000 -683.25082
     00719   -0.01673    0.02315   -0.01754    0.01042    2.29412    1.31796  435.89744 -322.84970
     00720   -0.71480    0.46433   -0.04234    0.02269    4.21569    2.06097  237.20930 -247.99913
     00721    0.03239    0.04742   -0.02895    0.01585    3.76471    1.78873  265.62500 -293.43230
     00722    0.00318    0.04229   -0.02470    0.01254    2.09804    0.89124  476.63551 -645.39590
     00723   -0.06388    0.04881   -0.03000    0.01155    4.21569    1.55063  237.20930 -407.68901
     00724   -0.02927    0.03474   -0.02631    0.01214    4.07843    1.80243  245.19231 -309.61455
     00725   -0.03694    0.04353   -0.02409    0.02312    1.00000    0.74096 1000.00000 -349.60312
     00726   -0.59840    0.34518   -0.06313    0.03184    4.27451    1.91053  233.94495 -289.46932
     00727   -0.00814    0.07683   -0.05132    0.02539    4.62745    2.22253  216.10169 -233.83603
     00728    0.02456    0.06671   -0.02980    0.02189    1.66667    1.09664  600.00000 -311.87814
     00729   -0.09059    0.12329   -0.04650    0.03278    2.50980    1.58884  398.43750 -230.95235
     00730   -0.00032    0.04001   -0.02736    0.01845    2.94118    1.90368  340.00000 -185.29886
     00731    0.33851    0.24790   -0.03974    0.02820    2.39216    1.58521  418.03279 -212.79985
     00732    0.24045    0.27571   -0.02975    0.02507    1.52941    1.27345  653.84615 -131.42002
     00733    0.05210    0.08497   -0.04548    0.03601    1.90196    1.37563  525.77320 -201.16815
     00734   -0.01402    0.05627   -0.06878    0.05145    3.25490    2.23030  307.22892 -141.14114
     00735    0.02136    0.03741   -0.02146    0.01891    2.05882    1.67346  485.71429 -111.85079
     00736   -0.02647    0.08686   -0.01774    0.03587    0.27451    0.52686 3642.85714 1744.83368
     00737   -0.05496    0.05042   -0.02362    0.02127    1.54902    1.25735  645.56962 -149.75353
     00738   -0.24937    0.24343   -0.06608    0.05762    2.09804    1.69492  476.63551 -113.36412
     00739    0.04974    0.06720   -0.03516    0.02954    1.21569    1.03495  822.58065 -143.64736
     00740    0.05424    0.05434   -0.03025    0.02855    0.56863    0.49527 1758.62069 -260.48865
     00741   -0.01140    0.02351   -0.02001    0.02201    0.60784    0.62868 1645.16129   54.51499
     00742   -0.05175    0.05014   -0.03243    0.03108    0.56863    0.49527 1758.62069 -260.48865
     00743   -0.05008    0.05672   -0.01849    0.01753    0.56863    0.49527 1758.62069 -260.48865
     00744    0.00000    0.00000    0.00000    0.00000    0.00000    0.00000 1758.62069 -260.48865
     00745    0.00000    0.00000    0.00000    0.00000    0.00000    0.00000 1758.62069 -260.48865
     00746    0.00000    0.00000    0.00000    0.00000    0.00000    0.00000 1758.62069 -260.48865
     00747    0.00000    0.00000    0.00000    0.00000    0.00000    0.00000 1758.62069 -260.48865
     00748    0.05111    0.04802   -0.01829    0.01529    0.82353    0.67754 1214.28571 -261.65194
     00749    0.00000    0.00000    0.00000    0.00000    0.00000    0.00000 1214.28571 -261.65194
     00750   -0.01016    0.04523   -0.01151    0.04625    0.05882    0.23529 17000.00000 12750.00000
     00751   -0.11654    0.08608   -0.04306    0.01932    2.80392    1.25276  356.64336 -441.59699
     00752   -0.36806    0.41804   -0.05480    0.04019    1.70588    0.97607  586.20690 -438.31094
     00753    0.04164    0.05880   -0.02158    0.01811    0.92157    0.76294 1085.10638 -225.60551
     00754    0.01598    0.04489   -0.02726    0.01019    3.25490    1.24999  307.22892 -492.77724
     00755   -0.00794    0.04843   -0.03834    0.01636    4.27451    1.68125  233.94495 -360.85021
     00756   -0.00356    0.07745   -0.05138    0.02341    4.45098    1.76362  224.66960 -342.34718
     00757   -0.00669    0.02795   -0.02915    0.01245    4.00000    1.55929  250.00000 -391.31920
     00758    0.01124    0.07816   -0.05514    0.02345    4.72549    1.80499  211.61826 -342.40238
     00759    0.00159    0.03267   -0.03151    0.01616    2.58824    1.30123  386.36364 -382.14105
     00760   -0.52940    0.30228   -0.07095    0.03642    4.60784    2.07769  217.02128 -264.28217
     00761   -0.01409    0.02840   -0.05804    0.02544    4.11765    1.72237  242.85714 -337.73889
     00762    0.00892    0.09607   -0.01493    0.03329    0.17647    0.38122 5666.66667 3043.50972
     00763   -0.06058    0.06693   -0.02632    0.01241    2.66667    1.13183  375.00000 -508.52263
     00764    0.00000    0.00000    0.00000    0.00000    0.00000    0.00000  375.00000 -508.52263
     00765   -0.00629    0.04227   -0.01761    0.01244    1.76471    1.13047  566.66667 -317.91853
     00766    0.02446    0.04393   -0.03288    0.01875    3.03922    1.53343  329.03226 -323.10113
     00767    0.29359    0.20667   -0.04039    0.02502    2.84314    1.75312  351.72414 -218.68714
     00768   -0.04972    0.04393   -0.02507    0.01774    1.31373    0.85153  761.19403 -413.16078
     00769    0.01560    0.03247   -0.03082    0.01189    3.27451    1.49612  305.38922 -363.00714
     00770   -0.03666    0.05296   -0.03085    0.01930    0.80392    0.44367 1243.90244 -1010.00043
     00771   -0.09795    0.07706   -0.04692    0.02096    3.98039    1.75444  251.23153 -318.75210
     00772    0.36405    0.24854   -0.04685    0.02865    3.21569    1.67231  310.97561 -287.00008
     00773   -0.03729    0.05567   -0.03841    0.02006    3.82353    1.70013  261.53846 -326.65341
     00774   -0.59984    0.34689   -0.07168    0.03543    1.96078    1.06570  510.00000 -428.35016
     00775   -0.01109    0.05176   -0.03315    0.02966    1.03922    0.81555  962.26415 -263.89579
     00776   -0.03872    0.10438   -0.06382    0.03942    3.23529    1.83205  309.09091 -236.74620
     00777   -0.47465    0.44378   -0.04573    0.02592    2.72549    1.59753  366.90647 -259.06069
     00778    0.01297    0.03702   -0.02879    0.01543    2.17647    1.02337  459.45946 -517.70266
     00779   -0.67540    0.41195   -0.07794    0.04084    4.09804    1.98282  244.01914 -260.31374
     00780   -0.00796    0.01908   -0.03282    0.02305    1.33333    0.85559  750.00000 -418.79058
     00781   -0.03508    0.06158   -0.03070    0.02024    2.43137    1.38981  411.29032 -308.23380
     00782   -0.02118    0.05390   -0.03004    0.02003    2.74510    1.35535  364.28571 -373.52865
     00783   -0.03652    0.06440   -0.04400    0.02242    1.88235    0.89983  531.25000 -580.07477
     00784   -0.02291    0.05848   -0.03953    0.04567    0.56863    0.63416 1758.62069  181.72003
     00785   -0.00703    0.04567   -0.02588    0.01767    2.27451    1.40138  439.65517 -273.92822
     00786   -0.57266    0.47886   -0.06884    0.04623    2.62745    1.54616  380.59701 -266.16546
     00787    0.01325    0.04379   -0.04066    0.03474    0.72549    0.59667 1378.37838 -297.58561
     00788   -0.54384    0.56481   -0.06351    0.05109    1.66667    1.13183  600.00000 -283.52263
     00789   -0.04101    0.07132   -0.05083    0.02580    2.98039    1.57791  335.52632 -298.22191
     00790   -0.01996    0.04271   -0.03293    0.02261    1.25490    0.85962  796.87500 -366.42970
     00791    0.01699    0.06269   -0.02258    0.01528    1.31373    0.82818  761.19403 -446.26597
     00792   -0.00811    0.10406   -0.05922    0.03292    2.68627    1.47516  372.26277 -305.63149
     00793    0.46234    0.32706   -0.04662    0.02671    2.37255    1.10188  421.48760 -486.04892
     00794   -0.01122    0.05238   -0.02773    0.02110    1.19608    0.90791  836.06557 -265.36667
     00795   -0.02631    0.06740   -0.03064    0.01578    3.49020    1.70780  286.51685 -299.03284
     00796    0.00401    0.06979   -0.05070    0.03112    3.45098    2.06097  289.77273 -195.43571
     00797    0.00324    0.03600   -0.03145    0.02269    2.39216    1.40138  418.03279 -295.55060
     00798   -0.05239    0.07114   -0.05643    0.03060    4.33333    2.06433  230.76923 -253.65060
     00799    0.06906    0.06067   -0.03426    0.02467    2.05882    1.16167  485.71429 -375.11418
     00800   -0.05589    0.04907   -0.02727    0.01674    3.72549    2.01055  268.42105 -228.95651
     00801   -0.05188    0.04810   -0.02881    0.01360    3.90196    1.92257  256.28141 -263.85603
     00802   -0.09340    0.17809   -0.05094    0.04470    2.80392    1.83666  356.64336 -187.82339
     00803    0.35279    0.44749   -0.03406    0.03790    1.17647    1.26345  850.00000   58.51716
     00804   -0.03754    0.03999   -0.01899    0.00935    1.45098    0.79985  689.18919 -561.05117
     00805   -0.03683    0.03531   -0.02190    0.01174    1.45098    0.89253  689.18919 -431.21649
     00806   -0.00111    0.04035   -0.04692    0.16469    0.07843    0.26885 12750.00000 9030.44272
     00807    0.00000    0.00000    0.00000    0.00000    0.00000    0.00000 12750.00000 9030.44272
     00808   -0.19747    0.27614   -0.02079    0.01751    0.62745    0.48348 1593.75000 -474.57312
     00809   -0.00013    0.02740   -0.01187    0.01355    0.45098    0.49759 2217.39130  207.70977
     00810    0.01092    0.09141   -0.01333    0.04142    0.09804    0.29737 10200.00000 6837.15959
     00811    0.05201    0.11565   -0.01222    0.02682    0.17647    0.38122 5666.66667 3043.50972
     00812    0.00000    0.00000    0.00000    0.00000    0.00000    0.00000 5666.66667 3043.50972
     00813    0.01809    0.05387   -0.01533    0.01309    0.88235    0.64617 1133.33333 -414.25435
     00814    0.00775    0.03394   -0.01978    0.01323    1.19608    0.79260  836.06557 -425.59970
     00815   -0.04383    0.03434   -0.02997    0.02000    1.09804    0.72097  910.71429 -476.30286
     00816    0.00058    0.02631   -0.03003    0.01493    2.39216    1.12160  418.03279 -473.55380
     00817    0.03317    0.05293   -0.02708    0.01715    1.96078    1.08394  510.00000 -412.55762
     00818    0.01832    0.05298   -0.03464    0.01913    3.00000    1.50815  333.33333 -329.73165
     00819    0.30901    0.23328   -0.04366    0.02517    3.15686    1.56396  316.77019 -322.63086
     00820   -0.02016    0.05567   -0.02313    0.01707    2.39216    1.37311  418.03279 -310.24145
     00821    0.01298    0.05075   -0.02601    0.02150    1.78431    1.17680  560.43956 -289.32443
     00822   -0.41432    0.47030   -0.04361    0.03345    2.15686    1.31913  463.63636 -294.43990
     00823   -0.09015    0.10522   -0.05241    0.03039    3.52941    1.69605  283.33333 -306.27189
     00824   -0.11545    0.10777   -0.06338    0.03238    3.25490    1.55731  307.22892 -334.90311
     00825   -0.59647    0.42898   -0.04341    0.01794    3.96078    1.38565  252.47525 -469.20681
     00826   -0.02844    0.03367   -0.02699    0.01456    3.78431    1.81836  264.24870 -285.69844
     00827   -0.05293    0.04802   -0.02738    0.01800    1.45098    0.97646  689.18919 -334.91546
     00828    0.37017    0.27488   -0.05553    0.02560    2.82353    1.24784  354.16667 -447.22102
     00829    0.33416    0.16936   -0.04354    0.02035    3.98039    1.70915  251.23153 -333.85558
     00830    0.00440    0.02934   -0.03088    0.01634    2.74510    1.36975  364.28571 -365.77716
     00831   -0.48642    0.45506   -0.05414    0.03896    1.60784    0.99170  621.95122 -386.41876
     00832    0.04393    0.04880   -0.05039    0.02457    3.74510    1.58229  267.01571 -364.97833
     00833   -0.01705    0.14290   -0.06531    0.02270    3.54902    1.43231  281.76796 -416.40378
     00834   -0.03019    0.05442   -0.03625    0.01404    1.90196    0.72097  525.77320 -861.24395
     00835   -0.04551    0.03123   -0.02827    0.01541    2.62745    1.53343  380.59701 -271.53638
     00836   -0.90906    0.56027   -0.04987    0.02223    3.58824    1.51044  278.68852 -383.37004
     00837    0.39447    0.26421   -0.05487    0.02456    1.98039    0.91802  504.95050 -584.35552
     00838   -0.03853    0.04580   -0.01803    0.01448    0.80392    0.56080 1243.90244 -539.27074
     00839    0.38150    0.25988   -0.04893    0.02674    2.35294    1.24968  425.00000 -375.20308
     00840   -0.61862    0.47439   -0.07343    0.04911    1.98039    1.33564  504.95050 -243.75528
     00841    0.04999    0.10412   -0.02779    0.03480    0.98039    1.16299 1020.00000  160.15087
     00842    0.01819    0.03798   -0.02696    0.02774    1.29412    1.10780  772.72727 -129.96294
     00843    0.29184    0.36278   -0.03385    0.03483    1.31373    1.14601  761.19403 -111.39801
     00844   -0.48588    0.45339   -0.03362    0.02204    2.96078    1.88867  337.74834 -191.72365
     00845   -0.00104    0.07320   -0.03397    0.01967    2.86275    1.48218  349.31507 -325.36838
     00846   -0.00563    0.03061   -0.07717    0.05550    2.58824    1.48425  386.36364 -287.37719
     00847   -0.02981    0.06304   -0.03354    0.01617    3.76471    1.56667  265.62500 -372.67337
     00848   -0.61518    0.32073   -0.07283    0.03139    4.05882    1.64986  246.37681 -359.73612
     00849   -0.50140    0.48550   -0.06825    0.05962    1.82353    1.41013  548.38710 -160.76749
     00850   -0.03621    0.03593   -0.02635    0.01359    2.76471    1.21410  361.70213 -461.95056
     00851   -0.03446    0.06000   -0.04386    0.01828    3.52941    1.47333  283.33333 -395.40088
     00852   -0.04790    0.09823   -0.04918    0.02474    3.35294    1.50585  298.24561 -365.83040
     00853   -0.00305    0.03488   -0.01992    0.02649    0.80392    1.04824 1243.90244  289.92289
     00854    0.02005    0.05097   -0.03380    0.01418    2.13725    1.02937  467.88991 -503.58272
     00855   -0.67615    0.40878   -0.04289    0.01852    2.90196    1.30241  344.59459 -423.21304
     00856    0.03351    0.04894   -0.02751    0.02422    1.15686    0.80129  864.40678 -383.58562
     00857   -0.02999    0.04668   -0.02146    0.02640    0.41176    0.49215 2428.57143  396.68279
     00858    0.39205    0.30879   -0.04222    0.02732    1.98039    1.26010  504.95050 -288.63761
     00859    0.03978    0.06047   -0.03773    0.02051    1.96078    0.96935  510.00000 -521.61958
     00860   -0.00495    0.03744   -0.02332    0.01315    1.27451    0.71616  784.61538 -611.72809
     00861    0.02637    0.11075   -0.05846    0.03924    1.31373    0.77940  761.19403 -521.85021
     00862   -0.00382    0.03639   -0.02820    0.01117    3.07843    1.39808  324.84076 -390.42495
     00863   -0.00251    0.02451   -0.02448    0.01605    1.56863    0.93421  637.50000 -432.92747
     00864   -0.00818    0.03037   -0.02823    0.02038    0.98039    0.67126 1020.00000 -469.72591
     00865   -0.63282    0.32346   -0.07268    0.03405    3.23529    1.30742  309.09091 -455.77525
     00866    0.37862    0.18865   -0.04737    0.01757    3.17647    1.27888  314.81481 -467.12159
     00867    0.03929    0.04339   -0.02566    0.01569    0.84314    0.49990 1186.04651 -814.33807
     00868   -0.07452    0.07946   -0.03795    0.02505    1.13725    0.71454  879.31034 -520.18397
     00869   -0.13774    0.11418   -0.06977    0.03031    4.11765    1.68787  242.85714 -349.60564
     00870   -0.00767    0.03795   -0.03761    0.01707    2.43137    1.07110  411.29032 -522.33101
     00871   -0.01624    0.04463   -0.02373    0.01567    1.35294    0.88170  739.13043 -395.04334
     00872   -0.03248    0.02481   -0.02550    0.00846    4.41176    1.45759  226.66667 -459.39750
     00873    0.46628    0.23679   -0.05284    0.02067    4.58824    1.59873  217.94872 -407.54747
     00874   -0.00415    0.03107   -0.02698    0.01776    1.86275    1.06678  536.84211 -400.55654
     00875    0.01783    0.04173   -0.03367    0.02085    2.68627    1.56544  372.26277 -266.53611
     00876    0.00471    0.03646   -0.03213    0.01553    5.11765    1.85395  195.40230 -343.98587
     00877   -0.54953    0.27697   -0.03860    0.01545    4.92157    1.85603  203.18725 -335.59859
     00878   -0.00438    0.04884   -0.02709    0.01429    3.66667    1.65288  272.72727 -332.27579
     00879   -0.08672    0.09847   -0.05438    0.03001    4.00000    1.85768  250.00000 -288.30542
     00880    0.00555    0.04456   -0.06063    0.02825    5.01961    2.20063  199.21875 -255.19750
     00881   -0.01059    0.02266   -0.02891    0.01430    3.92157    1.83477  255.00000 -290.02610
     00882   -0.01333    0.07394   -0.03187    0.02388    2.88235    1.71095  346.93878 -237.53326
     00883    0.00284    0.04396   -0.02663    0.01952    2.05882    1.28965  485.71429 -289.68772
     00884    0.36635    0.30541   -0.05591    0.03732    1.68627    0.98000  593.02326 -427.38499
     00885    0.02658    0.04832   -0.03449    0.02268    1.98039    1.11126  504.95050 -394.92496
     00886    0.03104    0.08137   -0.02942    0.02127    1.29412    0.89210  772.72727 -348.21953
     00887    0.35408    0.27617   -0.05356    0.02948    2.13725    1.02937  467.88991 -503.58272
     00888    0.01013    0.04785   -0.05976    0.03633    3.13725    1.74917  318.75000 -252.95002
     00889    0.00513    0.03884   -0.03208    0.02261    1.33333    0.94281  750.00000 -310.66017
     00890    0.00125    0.04634   -0.02684    0.01625    2.68627    1.51451  372.26277 -288.01785
     00891    0.41351    0.28357   -0.05262    0.02711    3.17647    1.50432  314.81481 -349.93779
     00892   -0.01959    0.03777   -0.03086    0.02346    1.90196    1.30241  525.77320 -242.03444
     00893   -0.04086    0.06151   -0.02711    0.02093    1.21569    0.82400  822.58065 -391.01728
     00894    0.00682    0.06192   -0.03562    0.01886    3.84314    1.78636  260.20408 -299.59364
     00895    0.01246    0.03063   -0.02685    0.01323    3.56863    1.58739  280.21978 -349.74600
     00896   -0.02288    0.11889   -0.04505    0.03409    2.11765    1.33794  472.22222 -275.19601
     00897    0.02262    0.03028   -0.02081    0.00823    2.86275    1.18850  349.31507 -492.08124
     00898    0.00675    0.04568   -0.03184    0.01125    4.35294    1.39781  229.72973 -485.67671
     00899   -0.61314    0.54849   -0.04157    0.02329    2.66667    1.19913  375.00000 -458.93917
     00900   -0.02353    0.05038   -0.03380    0.01791    2.27451    1.06786  439.65517 -496.79485
     00901   -0.02195    0.04163   -0.03424    0.01449    5.39216    1.96118  185.45455 -324.44349
     00902   -0.03602    0.06103   -0.04024    0.01647    4.47059    1.52564  223.68421 -431.77998
     00903   -0.00217    0.03170   -0.02138    0.01072    4.60784    1.80499  217.02128 -336.99937
     00904   -0.60341    0.42773   -0.04019    0.02380    2.98039    1.39312  335.52632 -382.28533
     00905    0.01517    0.02933   -0.03044    0.01816    2.01961    1.11126  495.14563 -404.72983
     00906   -0.70046    0.55186   -0.04554    0.02367    3.31373    1.47516  301.77515 -376.11912
     00907    0.03220    0.05405   -0.03955    0.02005    2.27451    1.01128  439.65517 -549.19241
     00908   -0.05307    0.03929   -0.02916    0.01603    2.50980    1.22671  398.43750 -416.75423
     00909   -0.01906    0.06725   -0.03386    0.01833    2.64706    1.13455  377.77778 -503.63116
     00910    0.03101    0.07121   -0.04062    0.02225    2.17647    1.29412  459.45946 -313.26781
     00911   -0.04452    0.08158   -0.05353    0.02475    3.29412    1.25704  303.57143 -491.94521
     00912    0.28954    0.22393   -0.04395    0.02358    2.70588    1.25704  369.56522 -425.95142
