     resid       ele       e_VAR       vdw       v_var      count      c_var      vol_c       vol_ 
     00671   -0.63119    1.67528   -0.18653    0.12033    3.43137    1.81772  291.42857 -258.71051
     00672   -0.02398    0.11579   -0.17220    0.10589    3.56863    1.86037  280.21978 -257.30770
     00673   -0.05355    0.13350   -0.16482    0.12573    2.31373    1.40713  432.20339 -278.46428
     00674   -0.09669    0.16844   -0.14825    0.11548    1.96078    1.20393  510.00000 -320.61449
     00675   -0.00348    0.16403   -0.23906    0.14841    3.66667    1.92676  272.72727 -246.27773
     00676   -0.03760    0.11116   -0.13909    0.08554    3.39216    1.83729  294.79769 -249.48299
     00677    0.02358    0.11665   -0.09781    0.06322    2.03922    1.15403  490.38462 -376.14066
     00678   -1.05970    1.10819   -0.22862    0.10948    4.07843    1.79152  245.19231 -312.99371
     00679   -0.01102    0.08239   -0.13480    0.07693    4.54902    2.11728  219.82759 -252.47563
     00680   -0.00578    0.09345   -0.17196    0.09924    3.25490    1.81327  307.22892 -244.25942
     00681   -0.71427    1.10187   -0.26673    0.15496    2.94118    1.60161  340.00000 -284.37019
     00682   -0.05259    0.20003   -0.18138    0.10348    3.07843    1.61904  324.84076 -292.80814
     00683   -0.03826    0.15969   -0.12386    0.07130    3.82353    2.00691  261.53846 -236.74036
     00684   -0.11233    0.14534   -0.16928    0.11096    2.94118    1.62591  340.00000 -275.03841
     00685   -0.01999    0.18714   -0.15818    0.13095    1.90196    1.30241  525.77320 -242.03444
     00686    0.01255    0.14559   -0.38358    0.26610    2.94118    1.71969  340.00000 -241.50110
     00687   -0.01508    0.11819   -0.10244    0.08418    2.09804    1.52438  476.63551 -179.37069
     00688   -0.02333    0.13668   -0.12325    0.08537    3.25490    1.72460  307.22892 -272.61612
     00689   -0.08618    0.25330   -0.25244    0.20465    2.66667    1.62899  375.00000 -238.87889
     00690   -0.22866    0.85169   -0.22622    0.13911    4.05882    2.04279  246.37681 -243.14863
     00691   -0.06730    0.25863   -0.24494    0.11809    4.23529    1.62804  236.11111 -378.12386
     00692   -0.05025    0.21970   -0.24833    0.10203    4.03922    1.49458  247.57282 -421.51344
     00693   -0.03902    0.13660   -0.25450    0.12672    4.05882    1.86202  246.37681 -290.67361
     00694   -0.07129    0.14878   -0.17557    0.08683    3.86275    1.64519  258.88325 -348.94915
     00695    0.05627    1.02726   -0.23035    0.14158    3.07843    1.87703  324.84076 -207.91436
     00696   -0.08995    0.17429   -0.16809    0.10893    2.88235    1.65265  346.93878 -258.14945
     00697   -0.04851    0.10753   -0.15268    0.10217    2.78431    1.63676  359.15493 -251.80975
     00698   -0.03975    0.11373   -0.11462    0.07763    2.96078    1.65637  337.74834 -265.98165
     00699   -0.04011    0.13282   -0.14716    0.11237    2.37255    1.35706  421.48760 -315.40198
     00700   -0.04370    0.11746   -0.11796    0.10612    1.35294    1.13455  739.13043 -142.27851
     00701   -0.06490    0.13857   -0.09749    0.08461    1.05882    0.91634  944.44444 -146.85481
     00702   -0.09611    0.25049   -0.15578    0.12129    1.78431    1.14299  560.43956 -314.46059
     00703   -0.07520    0.19314   -0.17385    0.17688    1.25490    1.04493  796.87500 -160.12295
     00704   -0.24418    0.69494   -0.11701    0.32378    0.11765    0.32219 8500.00000 5396.23884
     00705   -0.05413    0.33107   -0.12548    0.13262    0.72549    0.71616 1378.37838  -17.96510
     00706   -0.27838    1.93683   -0.23564    0.16046    1.58824    0.97370  629.62963 -397.37793
     00707   -0.02794    0.32388   -0.12341    0.19049    0.41176    0.59988 2428.57143  761.58428
     00708    0.07491    0.27998   -0.07123    0.12178    0.27451    0.44627 3642.85714 1402.04579
     00709   -0.54345    1.70148   -0.21366    0.19764    1.62745    1.15403  614.45783 -252.06744
     00710   -0.18901    1.70004   -0.32687    0.27230    1.94118    1.34910  515.15152 -226.08371
     00711    0.00678    0.51630   -0.16538    0.25582    0.43137    0.60244 2318.18182  658.27320
     00712    0.12823    0.23501   -0.13327    0.12631    1.23529    1.07718  809.52381 -118.82366
     00713    0.07407    0.16014   -0.14862    0.10663    2.31373    1.36468  432.20339 -300.56733
     00714   -0.05978    0.24254   -0.21893    0.13892    2.27451    1.20584  439.65517 -389.64053
     00715   -0.03808    0.20490   -0.09985    0.09225    0.66667    0.61570 1500.00000 -124.17088
     00716   -0.02276    0.16108   -0.14531    0.08996    2.43137    1.43151  411.29032 -287.27427
     00717   -1.03943    1.48103   -0.23577    0.14082    3.41176    1.95214  293.10345 -219.15547
     00718    0.09165    0.24109   -0.24126    0.20164    0.86275    0.74148 1159.09091 -189.56810
     00719   -0.06045    0.14654   -0.10047    0.06800    1.52941    1.03570  653.84615 -311.68896
     00720   -1.12956    1.49240   -0.24795    0.15116    3.52941    1.92357  283.33333 -236.53381
     00721    0.01328    0.10291   -0.14277    0.07477    3.25490    1.51907  307.22892 -351.06855
     00722    0.13644    0.16050   -0.13501    0.09525    1.56863    0.97528  637.50000 -387.84573
     00723   -0.13314    0.18577   -0.16620    0.10577    2.74510    1.73593  364.28571 -211.77406
     00724   -0.05131    0.11643   -0.13062    0.07406    3.13725    1.44194  318.75000 -374.75857
     00725   -0.02025    0.25824   -0.13946    0.12059    1.09804    0.93421  910.71429 -159.71319
     00726   -0.55155    1.19217   -0.32506    0.14779    4.05882    1.64986  246.37681 -359.73612
     00727   -0.06804    0.21106   -0.27499    0.16572    3.78431    2.01284  264.24870 -232.56215
     00728   -0.03094    0.21043   -0.17678    0.15014    2.05882    1.51349  485.71429 -175.00948
     00729   -0.04088    0.18432   -0.21838    0.14318    3.52941    2.15437  283.33333 -180.84040
     00730   -0.03826    0.12241   -0.17042    0.10957    3.50980    1.90327  284.91620 -240.49415
     00731   -0.12367    1.25250   -0.20685    0.14472    3.17647    1.95745  314.81481 -196.05440
     00732   -0.05312    1.18426   -0.15579    0.11091    1.98039    1.35024  504.95050 -235.65921
     00733   -0.07505    0.33867   -0.27079    0.23433    1.82353    1.36778  548.38710 -182.72526
     00734   -0.00868    0.23523   -0.27735    0.17413    2.35294    1.31094  425.00000 -337.81006
     00735    0.01026    0.19145   -0.11047    0.10817    1.35294    1.23389  739.13043  -71.31277
     00736    0.07332    0.26808   -0.09208    0.12478    0.41176    0.53050 2428.57143  543.55719
     00737    0.00597    0.12372   -0.09979    0.08775    1.07843    0.90409  927.27273 -178.81238
     00738   -0.10650    0.49757   -0.24017    0.20972    1.39216    1.10398  718.30986 -187.50730
     00739   -0.03283    0.42435   -0.19066    0.25178    0.47059    0.57233 2125.00000  377.76879
     00740   -0.09953    0.44997   -0.13483    0.47629    0.07843    0.26885 12750.00000 9030.44272
     00741   -0.02240    0.12274   -0.09841    0.20597    0.19608    0.39703 5100.00000 2581.28953
     00742    0.04419    0.72725   -0.12196    0.42105    0.07843    0.26885 12750.00000 9030.44272
     00743    0.09571    0.68099   -0.07762    0.26938    0.07843    0.26885 12750.00000 9030.44272
     00744    0.00000    0.00000    0.00000    0.00000    0.00000    0.26885 12750.00000    0.00000
     00745    0.00000    0.00000    0.00000    0.00000    0.00000    0.26885 12750.00000    0.00000
     00746   -0.03509    0.44280   -0.05717    0.15962    0.11765    0.32219 8500.00000 5396.23884
     00747    0.38476    2.72065   -0.10061    0.71142    0.01961    0.13865 51000.00000 43787.51083
     00748    0.17163    0.27068   -0.08978    0.09401    0.66667    0.61570 1500.00000 -124.17088
     00749    0.00000    0.00000    0.00000    0.00000    0.00000    0.61570 1500.00000    0.00000
     00750    0.03136    0.26366   -0.05376    0.22885    0.05882    0.23529 17000.00000 12750.00000
     00751   -0.19005    0.20170   -0.24782    0.13389    2.29412    1.15968  435.89744 -426.40631
     00752   -1.70173    1.85369   -0.39488    0.29945    2.11765    1.36694  472.22222 -259.34130
     00753    0.05037    0.23797   -0.10089    0.15112    0.74510    1.08181 1342.10526  417.73099
     00754   -0.00994    0.20774   -0.15082    0.09885    2.66667    1.52966  375.00000 -278.73871
     00755   -0.06361    0.14160   -0.20936    0.11334    3.60784    1.70442  277.17391 -309.53705
     00756   -0.11071    0.26675   -0.27401    0.17707    3.17647    1.75685  314.81481 -254.38729
     00757    0.02491    0.07249   -0.15438    0.10597    3.17647    1.67690  314.81481 -281.52348
     00758   -0.05642    0.21935   -0.26477    0.14772    3.72549    1.73859  268.42105 -306.75879
     00759   -0.00198    0.11666   -0.15520    0.09075    2.56863    1.40384  389.31298 -323.01643
     00760   -0.61360    1.14801   -0.35639    0.16429    3.96078    1.86780  252.47525 -282.91541
     00761   -0.01972    0.09404   -0.25616    0.13634    3.21569    1.60041  310.97561 -313.86301
     00762   -0.03916    0.17050   -0.09552    0.15582    0.35294    0.55390 2833.33333 1027.95290
     00763   -0.07887    0.13247   -0.13077    0.11467    1.90196    1.49843  525.77320 -141.59231
     00764    0.00000    0.00000    0.00000    0.00000    0.00000    1.49843  525.77320    0.00000
     00765   -0.00652    0.11216   -0.07856    0.06487    1.47059    1.17745  680.00000 -169.29255
     00766   -0.02318    0.15168   -0.15869    0.10736    2.84314    1.61333  351.72414 -268.11050
     00767   -0.20483    1.13238   -0.19338    0.12908    3.31373    1.88378  301.77515 -229.07180
     00768   -0.01311    0.08701   -0.11828    0.10066    1.45098    1.17680  689.18919 -160.57480
     00769    0.02622    0.16727   -0.17496    0.12507    2.21569    1.51222  451.32743 -209.95151
     00770   -0.18902    0.34838   -0.21720    0.23473    0.72549    0.65913 1378.37838 -138.78012
     00771    0.00975    0.24521   -0.27159    0.21077    3.23529    1.92597  309.09091 -210.12923
     00772    0.05650    1.05569   -0.23807    0.15794    3.33333    1.62899  300.00000 -313.87889
     00773   -0.01528    0.13823   -0.21487    0.14240    3.62745    2.31754  275.67568 -155.81555
     00774   -0.46373    2.11890   -0.37278    0.28888    1.76471    1.29233  566.66667 -207.12717
     00775    0.01911    0.18134   -0.17239    0.14320    1.60784    1.23794  621.95122 -185.84447
     00776    0.01081    0.23039   -0.30511    0.19308    3.27451    1.86903  305.38922 -229.64777
     00777   -0.72289    1.45065   -0.22809    0.15371    2.78431    1.64869  359.15493 -247.38650
     00778   -0.06933    0.16923   -0.13634    0.09105    1.90196    1.27194  525.77320 -260.42548
     00779   -0.72993    1.02673   -0.36398    0.22847    3.96078    2.04806  252.47525 -235.79223
     00780   -0.06664    0.17042   -0.20468    0.17413    1.27451    1.01128  784.61538 -204.23220
     00781   -0.04147    0.15287   -0.19656    0.11336    3.21569    1.72994  310.97561 -267.07886
     00782   -0.01114    0.15427   -0.16449    0.08717    3.58824    1.51044  278.68852 -383.37004
     00783    0.01890    0.19162   -0.20646    0.13038    2.33333    1.42343  428.57143 -273.95856
     00784   -0.04508    0.19225   -0.16927    0.15338    0.96078    0.83925 1040.81633 -150.72042
     00785   -0.03279    0.10744   -0.13840    0.08107    3.31373    1.75444  301.77515 -268.20848
     00786   -0.67571    1.62302   -0.34623    0.22381    2.92157    1.65498  342.28188 -261.95638
     00787   -0.15471    0.25539   -0.16617    0.18950    0.64706    0.73627 1545.45455  187.26426
     00788   -0.35731    1.63980   -0.32528    0.22631    2.52941    1.55113  395.34884 -249.34333
     00789   -0.13402    0.22004   -0.28070    0.14581    3.47059    1.67277  288.13559 -309.67575
     00790   -0.13010    0.19626   -0.15934    0.15048    1.00000    0.90749 1000.00000 -101.94633
     00791   -0.06364    0.16033   -0.10673    0.07836    1.41176    1.03235  708.33333 -260.33157
     00792   -0.04162    0.24796   -0.27904    0.15331    3.35294    1.75816  298.24561 -270.53155
     00793   -0.89612    1.62536   -0.20581    0.14131    2.68627    1.61476  372.26277 -247.02326
     00794   -0.05285    0.23464   -0.12119    0.12017    1.01961    0.91802  980.76923 -108.53678
     00795   -0.03483    0.14838   -0.11183    0.06812    3.29412    1.62450  303.57143 -312.00437
     00796   -0.10366    0.17715   -0.26516    0.13270    3.98039    1.97524  251.23153 -255.03585
     00797   -0.00273    0.12296   -0.16539    0.09852    2.60784    1.42909  383.45865 -316.28851
     00798   -0.02837    0.22263   -0.26310    0.15069    4.15686    2.15454  240.56604 -223.56925
     00799   -0.01889    0.15097   -0.15416    0.11510    1.70588    1.08996  586.20690 -331.26113
     00800   -0.04699    0.12887   -0.13736    0.07704    3.72549    1.80499  268.42105 -285.59959
     00801   -0.01851    0.11078   -0.14951    0.07410    4.09804    1.70645  244.01914 -341.99423
     00802    0.00778    0.19577   -0.22714    0.15080    3.35294    1.85582  298.24561 -240.60037
     00803   -0.57326    1.59119   -0.16989    0.14492    1.41176    1.12331  708.33333 -181.89392
     00804    0.06244    0.10801   -0.13089    0.09030    1.50980    1.09137  662.33766 -253.94500
     00805    0.07765    0.11985   -0.14003    0.09446    1.45098    0.93544  689.18919 -379.82642
     00806    0.01713    0.17242   -0.17897    0.26871    0.43137    0.63416 2318.18182  741.28116
     00807    0.00000    0.00000    0.00000    0.00000    0.00000    0.63416 2318.18182    0.00000
     00808   -0.03620    2.26554   -0.10625    0.08140    0.66667    0.47140 1500.00000 -621.32034
     00809    0.07495    0.18370   -0.05029    0.07576    0.31373    0.46401 3187.50000 1032.35665
     00810    0.02723    0.21191   -0.07816    0.10146    0.39216    0.48823 2550.00000  501.79071
     00811   -0.07292    0.29450   -0.12510    0.35277    0.13725    0.39703 7285.71429 4767.00381
     00812    0.00000    0.00000    0.00000    0.00000    0.00000    0.39703 7285.71429    0.00000
     00813   -0.01855    0.20412   -0.08706    0.11274    0.49020    0.57301 2040.00000  294.81593
     00814   -0.00507    0.21862   -0.12260    0.12855    0.88235    0.83189 1133.33333  -68.74819
     00815   -0.00100    0.15727   -0.11771    0.13427    0.86275    0.92925 1159.09091   82.95952
     00816    0.00675    0.16008   -0.15440    0.10213    1.84314    1.10919  542.55319 -359.00795
     00817   -0.04700    0.16486   -0.12395    0.07879    2.25490    1.29620  443.47826 -328.01024
     00818   -0.00997    0.17140   -0.17064    0.09716    3.31373    1.68605  301.77515 -291.32831
     00819   -0.50982    1.13827   -0.23660    0.13819    3.80392    1.77145  262.88660 -301.62372
     00820   -0.06731    0.11544   -0.11509    0.06373    3.39216    1.58521  294.79769 -336.03495
     00821   -0.02423    0.16390   -0.18775    0.12252    2.25490    1.09979  443.47826 -465.78746
     00822   -0.48156    1.09636   -0.24880    0.14298    3.64706    1.91816  274.19355 -247.13824
     00823   -0.04142    0.23439   -0.25097    0.14038    3.43137    1.58739  291.42857 -338.53721
     00824   -0.16772    0.25002   -0.28152    0.14712    3.27451    1.60975  305.38922 -315.82334
     00825   -0.45424    1.21851   -0.19828    0.11137    4.19608    1.84730  238.31776 -303.01154
     00826   -0.06526    0.10405   -0.15164    0.09696    3.07843    1.82406  324.84076 -223.38789
     00827   -0.01787    0.18959   -0.14150    0.13952    1.15686    1.05482  864.40678  -83.62067
     00828   -0.50369    1.63471   -0.26511    0.15849    2.68627    1.30595  372.26277 -393.46501
     00829   -0.36541    1.09596   -0.24246    0.12334    3.45098    1.44594  289.77273 -401.82025
     00830   -0.02589    0.13399   -0.17079    0.09772    2.13725    1.20489  467.88991 -362.06440
     00831   -0.06972    1.61664   -0.29894    0.19094    2.45098    1.47281  408.00000 -270.97477
     00832   -0.02510    0.16606   -0.25429    0.11933    3.37255    1.46810  296.51163 -384.63973
     00833   -0.08823    0.22514   -0.27043    0.15861    2.84314    1.52589  351.72414 -303.63181
     00834   -0.08413    0.18861   -0.18609    0.14232    1.17647    0.75941  850.00000 -466.81434
     00835   -0.07533    0.13769   -0.14101    0.08695    2.27451    1.32958  439.65517 -312.46233
     00836   -0.25867    1.19389   -0.19776    0.11688    3.27451    1.49612  305.38922 -363.00714
     00837   -0.34242    1.38334   -0.20851    0.15070    2.07843    1.39808  481.13208 -234.13363
     00838   -0.01373    0.17719   -0.09553    0.10160    0.72549    0.76897 1378.37838   77.93332
     00839   -1.01866    1.74451   -0.23055    0.15128    2.21569    1.55063  451.32743 -193.57087
     00840   -0.19404    1.46159   -0.32249    0.21779    2.43137    1.43151  411.29032 -287.27427
     00841   -0.05950    0.15061   -0.16404    0.14650    1.70588    1.33276  586.20690 -164.11771
     00842    0.01019    0.14981   -0.14321    0.11412    1.94118    1.30477  515.15152 -251.26767
     00843   -0.95056    1.32190   -0.16256    0.10232    3.13725    1.79345  318.75000 -238.83521
     00844   -1.62170    1.46984   -0.25657    0.16042    4.21569    2.20795  237.20930 -215.69928
     00845    0.07008    0.18121   -0.17855    0.10259    4.47059    2.19940  223.68421 -230.98478
     00846    0.02250    0.10544   -0.32065    0.25512    3.39216    2.19695  294.79769 -160.37806
     00847    0.03193    0.15332   -0.17711    0.10704    3.86275    1.92017  258.88325 -261.90464
     00848   -1.07375    0.90271   -0.34188    0.15526    4.52941    1.79709  220.77922 -335.67640
     00849   -0.34283    1.47472   -0.28963    0.16554    2.56863    1.34682  389.31298 -353.17805
     00850   -0.03217    0.12601   -0.13819    0.08460    2.56863    1.44514  389.31298 -302.66185
     00851   -0.12581    0.19361   -0.24359    0.11113    3.09804    1.31738  322.78481 -436.29842
     00852   -0.03218    0.21123   -0.22811    0.12604    3.29412    1.61238  303.57143 -316.62976
     00853    0.01436    0.12904   -0.08936    0.07160    1.05882    0.82633  944.44444 -265.73200
     00854    0.05566    0.17687   -0.17590    0.14857    1.76471    1.14769  566.66667 -304.65095
     00855   -0.17870    1.42987   -0.19375    0.12148    3.15686    1.76427  316.77019 -250.03645
     00856    0.05972    0.15076   -0.10758    0.10938    1.01961    0.99981  980.76923  -19.42306
     00857    0.22333    0.35577   -0.13402    0.19574    0.66667    0.75840 1500.00000  181.42639
     00858   -0.33176    1.33623   -0.23412    0.20521    2.19608    1.58448  455.35714 -175.76524
     00859    0.07365    0.20496   -0.15269    0.12763    1.90196    1.45864  525.77320 -159.79490
     00860    0.08649    0.21334   -0.12957    0.15814    0.66667    0.78382 1500.00000  224.20238
     00861    0.05829    0.44431   -0.23358    0.31651    0.96078    1.11954 1040.81633  147.59029
     00862    0.03798    0.12023   -0.13832    0.09202    2.60784    1.49612  383.45865 -284.93771
     00863    0.01350    0.16683   -0.14610    0.12554    1.11765    0.85514  894.73684 -274.66809
     00864   -0.06090    0.26690   -0.09865    0.13869    0.47059    0.63718 2125.00000  555.58349
     00865   -0.79476    1.41154   -0.34651    0.23082    2.62745    1.63252  380.59701 -231.95208
     00866   -0.12401    1.24188   -0.24739    0.17667    2.33333    1.67644  428.57143 -167.93000
     00867   -0.05344    0.21739   -0.11582    0.14036    0.54902    0.63597 1821.42857  249.03121
     00868    0.02862    0.57035   -0.14555    0.21780    0.47059    0.69601 2125.00000  688.23777
     00869   -0.07958    0.26812   -0.28125    0.18202    3.31373    1.80945  301.77515 -250.87762
     00870   -0.08971    0.21416   -0.21125    0.16852    1.56863    1.24073  637.50000 -168.47792
     00871    0.02660    0.24646   -0.13148    0.13823    0.84314    0.87161 1186.04651   38.74727
     00872   -0.03444    0.10230   -0.13608    0.07034    3.17647    1.46469  314.81481 -367.92161
     00873   -0.32297    1.39474   -0.24904    0.14616    3.31373    1.67438  301.77515 -295.46205
     00874    0.12206    0.18531   -0.16764    0.12476    1.80392    1.18850  554.34783 -287.04848
     00875    0.02425    0.15731   -0.17358    0.09942    3.27451    1.64589  305.38922 -302.18433
     00876   -0.01077    0.11273   -0.18645    0.08831    4.31373    1.75444  231.81818 -338.16545
     00877   -0.45617    1.38895   -0.22125    0.09141    3.80392    1.71521  262.88660 -320.13238
     00878    0.00593    0.12084   -0.16986    0.09172    3.76471    1.85333  265.62500 -273.94426
     00879   -0.07586    0.14786   -0.27438    0.11751    4.76471    2.11982  209.87654 -261.86060
     00880   -0.03898    0.13282   -0.25391    0.11566    4.82353    1.56814  207.31707 -430.38224
     00881   -0.01363    0.06749   -0.14220    0.07369    3.80392    1.85789  262.88660 -275.35886
     00882   -0.02379    0.13355   -0.16077    0.09472    3.70588    2.03204  269.84127 -222.27535
     00883   -0.01544    0.10601   -0.13822    0.09186    2.58824    1.51044  386.36364 -275.69492
     00884   -0.35408    1.28575   -0.24448    0.14529    2.72549    1.53493  366.90647 -284.58809
     00885   -0.01488    0.13699   -0.18705    0.15096    2.17647    1.58059  459.45946 -173.21503
     00886    0.00763    0.19154   -0.13910    0.10522    1.90196    1.30241  525.77320 -242.03444
     00887   -0.36828    1.28183   -0.26050    0.15259    3.35294    1.73571  298.24561 -277.88767
     00888   -0.01367    0.12160   -0.24882    0.16007    2.80392    1.76034  356.64336 -211.42769
     00889    0.00245    0.19240   -0.13877    0.09759    1.21569    0.84746  822.58065 -357.41863
     00890    0.02853    0.15165   -0.12179    0.07722    2.70588    1.52488  369.56522 -286.22402
     00891   -0.44286    1.07314   -0.24737    0.13890    3.25490    1.71319  307.22892 -276.47700
     00892    0.02252    0.19370   -0.12421    0.10846    1.15686    0.84882  864.40678 -313.70197
     00893    0.05771    0.21754   -0.12869    0.09454    1.37255    0.92801  728.57143 -349.00025
     00894    0.00457    0.17551   -0.17746    0.10380    3.54902    1.74124  281.76796 -292.53598
     00895    0.02261    0.09504   -0.13900    0.07554    3.80392    1.82595  262.88660 -284.77280
     00896    0.19872    0.33850   -0.23312    0.17830    1.82353    1.33880  548.38710 -198.55002
     00897    0.07495    0.17295   -0.11035    0.08613    1.39216    1.03048  718.30986 -252.10701
     00898    0.03694    0.17283   -0.16106    0.09930    2.92157    1.63111  342.28188 -270.79809
     00899   -1.01885    1.68536   -0.21918    0.15150    2.25490    1.38399  443.47826 -279.07242
     00900    0.06891    0.20325   -0.14663    0.11990    1.35294    1.04457  739.13043 -218.20466
     00901   -0.00293    0.13755   -0.18087    0.11496    3.15686    1.68468  316.77019 -276.81514
     00902   -0.03481    0.16056   -0.19257    0.11736    3.56863    1.76296  280.21978 -287.00739
     00903    0.00989    0.10357   -0.12213    0.06573    3.52941    1.52564  283.33333 -372.13085
     00904   -0.66911    1.43441   -0.20466    0.12635    3.25490    1.75838  307.22892 -261.47752
     00905    0.05504    0.14779   -0.12850    0.10604    1.52941    1.09101  653.84615 -262.73242
     00906   -1.04030    1.83105   -0.23096    0.13979    3.35294    1.80222  298.24561 -256.62691
     00907   -0.00585    0.23297   -0.17347    0.11572    2.47059    1.28876  404.76190 -371.17839
     00908   -0.03849    0.12131   -0.17626    0.09712    2.90196    1.54989  344.59459 -300.61329
     00909   -0.05389    0.14169   -0.22360    0.11242    4.76471    2.06358  209.87654 -274.71820
     00910   -0.02526    0.17397   -0.23970    0.14634    2.72549    1.40138  366.90647 -346.67691
     00911   -0.07612    0.19029   -0.28726    0.16872    4.35294    2.01780  229.72973 -265.85988
     00912   -0.17626    1.12545   -0.24707    0.12401    4.62745    2.02882  216.10169 -276.79574
