     resid       ele       e_VAR       vdw       v_var      count      c_var      vol_c       vol_ 
     00671   -0.91592    0.89924   -0.10921    0.04712    5.45098    2.14489  183.45324 -282.77189
     00672   -0.01280    0.06654   -0.10827    0.04528    5.41176    1.91154  184.78261 -338.35623
     00673   -0.04087    0.06679   -0.10412    0.04650    3.96078    1.50764  252.47525 -410.81401
     00674   -0.07608    0.09347   -0.09434    0.04110    3.76471    1.54143  265.62500 -383.12286
     00675   -0.03947    0.13584   -0.16314    0.07361    5.37255    2.05761  186.13139 -299.86951
     00676   -0.04067    0.07769   -0.09646    0.04334    4.90196    2.06990  204.00000 -279.11400
     00677    0.00315    0.10256   -0.07012    0.03016    3.00000    1.18818  333.33333 -508.29208
     00678   -0.90803    1.07781   -0.18699    0.08006    5.41176    1.99191  184.78261 -317.24815
     00679    0.01291    0.06599   -0.10557    0.04333    6.09804    2.12598  163.98714 -306.38370
     00680    0.00690    0.07837   -0.12381    0.05754    4.62745    2.02882  216.10169 -276.79574
     00681   -0.14855    0.68027   -0.17848    0.07608    4.58824    1.91154  217.94872 -305.19012
     00682   -0.08029    0.11657   -0.11891    0.05545    4.76471    1.91576  209.87654 -312.11019
     00683   -0.08059    0.10453   -0.08046    0.03657    6.05882    2.32136  165.04854 -265.73404
     00684   -0.03888    0.10551   -0.10524    0.05335    4.70588    2.31190  212.50000 -220.04524
     00685   -0.06129    0.10424   -0.09219    0.05481    3.80392    2.08655  262.88660 -216.37237
     00686    0.01405    0.09646   -0.26313    0.14004    4.68627    2.10964  213.38912 -260.62460
     00687   -0.03280    0.09626   -0.06920    0.04511    3.31373    1.83100  301.77515 -244.37485
     00688    0.00421    0.09702   -0.09415    0.06108    4.54902    2.22564  219.82759 -229.48110
     00689   -0.07499    0.10871   -0.16953    0.09843    3.98039    2.20063  251.23153 -203.18472
     00690   -0.17837    0.69589   -0.16098    0.07396    6.03922    2.47308  165.58442 -238.77018
     00691   -0.06284    0.18277   -0.16324    0.08037    5.86275    2.45764  170.56856 -236.32619
     00692   -0.01844    0.14936   -0.17077    0.07754    6.05882    2.47665  165.04854 -238.72270
     00693   -0.05904    0.12910   -0.17820    0.07139    6.43137    2.29454  155.48780 -280.33005
     00694   -0.07499    0.11037   -0.11584    0.05632    5.60784    2.24987  178.32168 -266.14914
     00695    0.22555    0.92176   -0.14923    0.07928    4.74510    2.18590  210.74380 -246.73350
     00696   -0.08344    0.10428   -0.09384    0.05113    4.98039    2.42123  200.78740 -212.22561
     00697   -0.06356    0.07748   -0.09173    0.04493    4.76471    2.14739  209.87654 -255.80407
     00698   -0.05636    0.11571   -0.08038    0.04390    4.84314    2.27839  206.47773 -232.42787
     00699   -0.05306    0.12028   -0.10169    0.06267    4.03922    2.27485  247.57282 -192.01702
     00700   -0.05642    0.13846   -0.08667    0.06109    1.88235    1.26254  531.25000 -260.80534
     00701   -0.07321    0.12203   -0.06694    0.04132    2.11765    1.33794  472.22222 -275.19601
     00702   -0.12126    0.17508   -0.11574    0.07950    3.47059    2.09905  288.13559 -188.27111
     00703   -0.10339    0.16515   -0.12222    0.09393    2.62745    1.82532  380.59701 -167.25194
     00704   -0.12263    0.29153   -0.08469    0.11841    0.37255    0.52247 2684.21053  770.21463
     00705   -0.09342    0.23725   -0.09895    0.08469    1.49020    1.12673  671.05263 -216.47451
     00706   -0.83234    1.22435   -0.17037    0.11948    3.05882    1.85146  326.92308 -213.19056
     00707    0.01006    0.14101   -0.06946    0.06081    0.96078    0.83925 1040.81633 -150.72042
     00708    0.07896    0.17104   -0.04631    0.05078    0.74510    0.81272 1342.10526  111.67049
     00709   -0.75103    0.97043   -0.16016    0.09107    3.13725    1.34339  318.75000 -425.63675
     00710   -0.02061    1.06664   -0.21752    0.13192    3.43137    2.08876  291.42857 -187.32333
     00711    0.00282    0.22839   -0.10035    0.08699    1.31373    1.12877  761.19403 -124.72478
     00712    0.09638    0.11295   -0.08572    0.03977    2.92157    1.21821  342.28188 -478.59217
     00713    0.06992    0.11446   -0.10660    0.04236    4.68627    1.76558  213.38912 -352.99792
     00714   -0.07079    0.20146   -0.17029    0.08504    4.35294    1.88725  229.72973 -300.14219
     00715   -0.00877    0.14530   -0.06877    0.04689    1.72549    1.18947  579.54545 -261.16465
     00716   -0.01297    0.10060   -0.09232    0.03900    4.82353    1.95745  207.31707 -303.55214
     00717   -1.01040    1.04346   -0.14773    0.06610    5.70588    2.73176  175.25773 -190.80659
     00718    0.06076    0.17223   -0.15157    0.12534    1.31373    1.03829  761.19403 -201.92768
     00719   -0.04548    0.11317   -0.06684    0.03588    2.68627    1.39312  372.26277 -345.54888
     00720   -1.01396    0.86334   -0.14297    0.06842    6.17647    2.76325  161.90476 -199.98855
     00721    0.01316    0.07944   -0.08949    0.04616    4.72549    2.17001  211.61826 -249.20839
     00722    0.07986    0.14657   -0.09660    0.05991    2.58824    1.31621  386.36364 -373.39314
     00723   -0.12522    0.12996   -0.10805    0.04544    4.54902    1.87150  219.82759 -314.50417
     00724   -0.04932    0.06856   -0.08898    0.03531    4.98039    1.59029  200.78740 -428.02810
     00725   -0.03120    0.12931   -0.10092    0.06419    2.15686    1.22671  463.63636 -351.55537
     00726   -0.58505    0.65508   -0.21974    0.09428    5.92157    2.03733  168.87417 -321.96446
     00727   -0.02057    0.12785   -0.18625    0.07950    5.68627    2.09097  175.86207 -302.38438
     00728   -0.01658    0.13864   -0.10906    0.05907    2.94118    1.40603  340.00000 -371.22029
     00729   -0.11316    0.13679   -0.14462    0.06045    4.76471    2.02522  209.87654 -283.89797
     00730   -0.02746    0.09551   -0.11464    0.05265    5.33333    2.43879  187.50000 -222.53886
     00731   -0.13334    0.87610   -0.15930    0.07498    4.74510    1.78054  210.74380 -350.88389
     00732   -0.30440    0.88519   -0.12700    0.07359    3.27451    1.28458  305.38922 -473.07798
     00733   -0.01592    0.17024   -0.16781    0.08002    3.70588    1.67208  269.84127 -328.21664
     00734    0.00441    0.10815   -0.20361    0.08437    4.80392    1.80435  208.16327 -346.05362
     00735    0.05824    0.09853   -0.07688    0.04516    2.94118    1.52639  340.00000 -315.13962
     00736    0.05823    0.14424   -0.06354    0.05430    1.07843    0.88214  927.27273 -206.34055
     00737   -0.04309    0.10461   -0.08126    0.04633    2.15686    1.12673  463.63636 -423.89077
     00738   -0.16233    0.30816   -0.18060    0.09325    2.86275    1.10293  349.31507 -557.36055
     00739   -0.02247    0.16728   -0.10545    0.05049    1.80392    0.90791  554.34783 -547.08442
     00740   -0.07366    0.11915   -0.09062    0.05411    0.82353    0.38122 1214.28571 -1408.87124
     00741   -0.01880    0.05045   -0.07003    0.07907    0.70588    0.72204 1416.66667   31.69678
     00742   -0.00415    0.25301   -0.11364    0.06114    0.82353    0.38122 1214.28571 -1408.87124
     00743    0.04234    0.20052   -0.07292    0.04181    0.82353    0.38122 1214.28571 -1408.87124
     00744   -0.01622    0.46501   -0.08048    0.28467    0.07843    0.26885 12750.00000 9030.44272
     00745   -0.04070    0.48076   -0.08962    0.31135    0.07843    0.26885 12750.00000 9030.44272
     00746    0.03810    0.15985   -0.04149    0.06227    0.31373    0.46401 3187.50000 1032.35665
     00747    0.22627    0.60678   -0.07138    0.14064    0.21569    0.41130 4636.36364 2205.03403
     00748    0.19173    0.29074   -0.06744    0.08450    0.72549    0.62868 1378.37838 -212.26792
     00749    0.12033    0.70680   -0.10238    0.25964    0.13725    0.34412 7285.71429 4379.71959
     00750    0.10139    0.32658   -0.03862    0.07073    0.29412    0.53483 3400.00000 1530.24928
     00751   -0.13709    0.16977   -0.14235    0.06089    3.11765    1.39533  320.75472 -395.92205
     00752   -1.42285    1.31624   -0.19819    0.10773    3.43137    1.65985  291.42857 -311.03636
     00753    0.04380    0.11016   -0.06076    0.03842    1.74510    1.04493  573.03371 -383.96424
     00754    0.00825    0.11826   -0.09797    0.04524    3.96078    1.66817  252.47525 -346.98569
     00755   -0.01589    0.11169   -0.12352    0.05785    5.29412    2.09850  188.88889 -287.64258
     00756   -0.04105    0.13129   -0.16830    0.07868    5.70588    2.76032  175.25773 -187.01885
     00757    0.01596    0.06489   -0.09618    0.04291    5.35294    2.06581  186.81319 -297.25739
     00758   -0.00614    0.16244   -0.17204    0.06658    6.13725    2.44163  162.93930 -246.62330
     00759    0.01245    0.07703   -0.09882    0.04070    4.39216    1.76100  227.67857 -340.18115
     00760   -0.67707    0.86915   -0.22156    0.09254    6.00000    2.33473  166.66667 -261.64775
     00761   -0.01569    0.09448   -0.16515    0.07019    5.19608    1.96059  192.45283 -317.59818
     00762   -0.04806    0.14861   -0.11700    0.13677    0.84314    0.75075 1186.04651 -145.95032
     00763   -0.04982    0.09346   -0.09763    0.04931    3.47059    1.49971  288.13559 -378.65927
     00764    0.00190    0.29295   -0.06407    0.15592    0.17647    0.42959 5666.66667 3338.84580
     00765   -0.01968    0.11250   -0.05752    0.03671    2.64706    1.59440  377.77778 -249.41891
     00766   -0.01519    0.13129   -0.10690    0.05365    5.27451    2.40162  189.59108 -226.79442
     00767    0.10922    0.62206   -0.12657    0.06218    4.86275    2.02939  205.64516 -287.11421
     00768   -0.01109    0.05423   -0.07000    0.04772    2.05882    1.37786  485.71429 -240.04840
     00769    0.00515    0.10276   -0.09307    0.03730    4.39216    1.78313  227.67857 -333.13359
     00770   -0.04229    0.17768   -0.13079    0.11075    1.11765    0.85514  894.73684 -274.66809
     00771   -0.07447    0.18366   -0.16062    0.06916    4.88235    1.92656  204.81928 -314.23949
     00772   -0.26407    0.87059   -0.17454    0.09156    5.03922    2.19590  198.44358 -256.94987
     00773    0.00804    0.09562   -0.13539    0.07016    5.54902    2.70304  180.21201 -189.74193
     00774   -0.27880    0.84676   -0.17870    0.08432    3.25490    1.49303  307.22892 -362.54938
     00775    0.03299    0.12603   -0.12652    0.09756    2.43137    1.63605  411.29032 -199.93757
     00776    0.08102    0.18277   -0.19656    0.11192    4.58824    2.31090  217.94872 -214.78332
     00777   -0.94519    1.00952   -0.13391    0.06838    4.88235    2.21976  204.81928 -245.67982
     00778   -0.03993    0.10856   -0.08873    0.05587    2.76471    1.59150  361.70213 -266.63595
     00779   -0.87549    0.90725   -0.24440    0.12376    5.52941    2.61484  180.85106 -201.58202
     00780   -0.04027    0.08594   -0.13311    0.09167    1.74510    1.20201  573.03371 -258.90588
     00781   -0.04957    0.11039   -0.11769    0.05742    4.62745    1.99962  216.10169 -283.99445
     00782   -0.02253    0.09445   -0.10376    0.05602    4.60784    2.17001  217.02128 -243.80537
     00783   -0.04890    0.13329   -0.13677    0.08191    3.52941    1.75290  283.33333 -287.14931
     00784   -0.00110    0.16208   -0.12827    0.08948    1.58824    0.95335  629.62963 -419.30021
     00785   -0.01364    0.10392   -0.08997    0.04417    4.07843    1.96881  245.19231 -262.72946
     00786   -0.95013    0.90843   -0.20378    0.08959    4.00000    1.68034  250.00000 -345.11904
     00787   -0.09398    0.14552   -0.10796    0.09101    0.96078    0.79115 1040.81633 -223.17175
     00788   -0.94272    1.25429   -0.20861    0.11174    3.49020    1.68468  286.51685 -307.06847
     00789   -0.14973    0.18265   -0.19749    0.10309    5.03922    2.35947  198.44358 -225.38076
     00790   -0.12713    0.14452   -0.12642    0.08887    2.01961    1.42099  495.14563 -208.58721
     00791   -0.04732    0.13161   -0.08349    0.04883    2.29412    1.41829  435.89744 -269.17918
     00792   -0.08327    0.16194   -0.19209    0.09786    5.07843    2.28244  196.91120 -241.21632
     00793   -0.95970    0.93019   -0.19421    0.10286    4.84314    2.45247  206.47773 -201.27443
     00794    0.01968    0.11619   -0.08396    0.05485    1.80392    1.13793  554.34783 -324.44021
     00795   -0.01825    0.08733   -0.08089    0.03519    5.56863    2.24268  179.57746 -266.31805
     00796   -0.06894    0.10834   -0.17643    0.07137    7.35294    3.12375  136.00000 -184.12852
     00797    0.04397    0.07266   -0.10985    0.04894    5.29412    2.32880  188.88889 -240.51724
     00798   -0.05306    0.15694   -0.18524    0.08502    6.09804    2.40306  163.98714 -252.14879
     00799    0.02943    0.13015   -0.10232    0.06477    2.52941    1.41910  395.34884 -309.32383
     00800   -0.04230    0.07476   -0.09395    0.04230    5.78431    2.26926  172.88136 -267.79021
     00801   -0.03772    0.08275   -0.10058    0.04060    6.01961    2.50090  166.12378 -233.73174
     00802   -0.10569    0.17285   -0.17087    0.08351    4.84314    2.01341  206.47773 -290.19175
     00803   -0.12098    1.03982   -0.13938    0.09517    2.64706    1.54442  377.77778 -269.71404
     00804    0.02001    0.10979   -0.07995    0.03961    2.03922    1.13692  490.38462 -389.18723
     00805    0.01924    0.09160   -0.08572    0.04038    2.39216    1.25368  418.03279 -379.62155
     00806   -0.03238    0.18151   -0.16600    0.19769    0.72549    0.71616 1378.37838  -17.96510
     00807    0.00000    0.00000    0.00000    0.00000    0.00000    0.71616 1378.37838    0.00000
     00808   -0.11723    1.89001   -0.07636    0.05595    0.92157    0.51803 1085.10638 -845.27209
     00809    0.07460    0.19883   -0.04611    0.05193    0.47059    0.49913 2125.00000  121.53079
     00810    0.05138    0.16853   -0.04807    0.07120    0.39216    0.59667 2550.00000  874.03601
     00811    0.01801    0.20915   -0.05192    0.07657    0.33333    0.47140 3000.00000  878.67966
     00812    0.00000    0.00000    0.00000    0.00000    0.00000    0.47140 3000.00000    0.00000
     00813   -0.01806    0.16347   -0.05312    0.05313    0.60784    0.56285 1645.16129 -131.50790
     00814    0.06371    0.11720   -0.06432    0.03236    1.52941    0.82493  653.84615 -558.37970
     00815   -0.03538    0.08371   -0.09373    0.04049    1.78431    0.87029  560.43956 -588.60551
     00816   -0.00777    0.10131   -0.10255    0.04897    3.17647    1.26345  314.81481 -476.66803
     00817   -0.01669    0.10344   -0.09851    0.05494    3.45098    1.81836  289.77273 -260.17442
     00818   -0.01346    0.08265   -0.12104    0.06861    4.64706    2.25635  215.18987 -228.00363
     00819   -0.34756    0.96871   -0.18008    0.10458    4.86275    2.53617  205.64516 -188.65069
     00820   -0.04860    0.12103   -0.09296    0.04634    4.90196    2.16256  204.00000 -258.41506
     00821    0.01971    0.15550   -0.13291    0.08686    3.15686    1.91355  316.77019 -205.81908
     00822   -0.32763    1.04169   -0.15755    0.09821    4.11765    2.26350  242.85714 -198.93732
     00823   -0.08472    0.13149   -0.14254    0.06832    4.52941    1.84021  220.77922 -322.63566
     00824   -0.19324    0.20476   -0.18007    0.09431    4.52941    2.08028  220.77922 -259.92522
     00825   -0.53564    0.99969   -0.14624    0.08694    4.72549    2.11510  211.61826 -261.17178
     00826   -0.07665    0.10430   -0.10221    0.04423    4.62745    2.00940  216.10169 -281.55995
     00827   -0.03305    0.08434   -0.08205    0.05932    2.01961    1.36468  495.14563 -237.62509
     00828   -0.35804    1.05583   -0.17915    0.09907    4.56863    2.18959  218.88412 -237.82212
     00829   -0.45823    0.91610   -0.18786    0.09332    5.31373    1.97524  188.19188 -318.07550
     00830   -0.01654    0.11271   -0.10357    0.04231    4.01961    1.84168  248.78049 -294.20303
     00831   -0.42754    1.50138   -0.17168    0.11286    2.68627    1.43473  372.26277 -324.73436
     00832    0.04276    0.12593   -0.17079    0.07135    5.23529    2.04449  191.01124 -298.10880
     00833   -0.02021    0.25046   -0.21197    0.07736    4.54902    1.64869  219.82759 -386.71384
     00834   -0.08584    0.12396   -0.12176    0.05824    2.45098    1.12570  408.00000 -480.33459
     00835   -0.07159    0.09508   -0.08823    0.03449    4.17647    1.77903  239.43662 -322.66844
     00836   -0.84332    0.91693   -0.14022    0.05367    5.43137    1.93274  184.11552 -333.28447
     00837   -0.13987    0.86780   -0.17301    0.07826    3.78431    1.17680  264.24870 -585.51528
     00838   -0.02485    0.10003   -0.07277    0.04964    1.66667    1.16597  600.00000 -257.65781
     00839   -0.65485    1.17686   -0.19628    0.08284    3.64706    1.49277  274.19355 -395.70030
     00840   -0.21938    0.93507   -0.24218    0.10612    3.72549    1.78313  268.42105 -292.39111
     00841   -0.01455    0.12990   -0.12104    0.06650    3.19608    1.54691  312.88344 -333.56723
     00842    0.05341    0.08359   -0.10721    0.06172    3.62745    1.71454  275.67568 -307.57202
     00843   -0.84757    0.89951   -0.12425    0.06104    4.60784    1.95115  217.02128 -295.49624
     00844   -0.55874    0.99228   -0.11353    0.05037    5.15686    1.93393  193.91635 -323.16443
     00845    0.06004    0.12835   -0.10459    0.05115    5.19608    2.25805  192.45283 -250.40636
     00846   -0.00438    0.09971   -0.24579    0.09948    5.21569    1.83980  191.72932 -351.80899
     00847   -0.05498    0.11584   -0.12339    0.04429    6.19608    2.18748  161.39241 -295.75397
     00848   -1.11341    0.91154   -0.21750    0.09974    6.80392    2.70090  146.97406 -223.27224
     00849   -0.33448    0.93180   -0.18828    0.08580    4.66667    2.02598  214.28571 -279.30376
     00850   -0.09416    0.09450   -0.10355    0.04640    4.80392    1.92017  208.16327 -312.62462
     00851   -0.11037    0.12415   -0.15510    0.06548    6.50980    2.65959  153.61446 -222.38297
     00852   -0.18193    0.18138   -0.15595    0.07015    6.13725    2.40929  162.93930 -252.12031
     00853    0.01032    0.09154   -0.06780    0.04459    2.50980    1.64939  398.43750 -207.84672
     00854   -0.01604    0.09234   -0.13427    0.06790    3.84314    1.87211  260.20408 -273.95180
     00855   -0.43617    0.97552   -0.15198    0.06478    5.21569    2.21681  191.72932 -259.36854
     00856    0.05934    0.10220   -0.08789    0.05057    2.07843    1.15203  481.13208 -386.89802
     00857    0.12102    0.12592   -0.08144    0.05308    0.96078    0.59279 1040.81633 -646.11374
     00858    0.06091    1.18642   -0.17121    0.09017    3.80392    1.80435  262.88660 -291.33028
     00859    0.11091    0.11387   -0.10637    0.05758    3.47059    1.64916  288.13559 -318.23433
     00860    0.04829    0.12293   -0.08929    0.04819    1.78431    0.93544  560.43956 -508.57605
     00861    0.01871    0.27406   -0.23626    0.12564    2.27451    1.46967  439.65517 -240.76833
     00862    0.00738    0.09452   -0.10686    0.05482    4.43137    1.82848  225.66372 -321.23942
     00863    0.04388    0.09748   -0.08673    0.05075    2.68627    1.48839  372.26277 -299.60460
     00864    0.01909    0.17727   -0.10543    0.05555    1.60784    0.90918  621.95122 -477.94307
     00865   -1.25404    0.87378   -0.25686    0.10777    4.58824    1.85954  217.94872 -319.81777
     00866   -0.00652    1.09633   -0.16633    0.09324    4.09804    1.97290  244.01914 -262.84797
     00867    0.01173    0.13904   -0.08372    0.06951    1.25490    1.08181  796.87500 -127.49928
     00868   -0.07338    0.17533   -0.12535    0.06206    1.86275    0.95012  536.84211 -515.65553
     00869   -0.10641    0.19795   -0.20188    0.10069    5.17647    2.39858  193.18182 -223.73204
     00870   -0.05627    0.19957   -0.14694    0.08802    2.90196    1.75180  344.59459 -226.24530
     00871   -0.01542    0.18104   -0.09171    0.06035    1.70588    1.07182  586.20690 -346.78931
     00872   -0.04545    0.07810   -0.08910    0.04224    5.29412    2.18994  188.88889 -267.74412
     00873    0.08672    1.01399   -0.17662    0.08867    5.39216    2.40162  185.45455 -230.93095
     00874    0.07101    0.11828   -0.09965    0.05716    2.74510    1.38399  364.28571 -358.26497
     00875   -0.01662    0.10125   -0.10736    0.06086    4.56863    2.26010  218.88412 -223.57490
     00876   -0.00249    0.08498   -0.11408    0.05375    6.49020    2.61498  154.07855 -228.33303
     00877   -0.61563    0.76741   -0.12815    0.05194    5.98039    2.38040  167.21311 -252.88516
     00878   -0.02619    0.10283   -0.10308    0.05479    5.25490    2.21265  190.29851 -261.64875
     00879   -0.06697    0.11015   -0.16298    0.08229    6.80392    3.07437  146.97406 -178.29586
     00880   -0.02124    0.09529   -0.17222    0.08147    6.37255    2.93031  156.92308 -184.33813
     00881   -0.00537    0.06302   -0.09946    0.04502    5.37255    2.12327  186.13139 -284.84077
     00882   -0.01622    0.10696   -0.11863    0.06381    5.50980    2.56196  181.49466 -208.83178
     00883    0.01009    0.08298   -0.09402    0.05265    4.33333    2.22875  230.76923 -217.91305
     00884   -0.36677    0.99069   -0.19275    0.10533    4.33333    2.21108  230.76923 -221.49779
     00885    0.00522    0.12623   -0.14013    0.09423    3.13725    1.96059  318.75000 -191.30101
     00886    0.05653    0.11616   -0.09919    0.05750    3.27451    1.78313  305.38922 -255.42294
     00887   -0.25828    0.88010   -0.17282    0.08831    4.60784    1.78313  217.02128 -343.79088
     00888    0.01186    0.08123   -0.18980    0.07196    4.60784    1.53493  217.02128 -434.47329
     00889    0.06565    0.14196   -0.10806    0.07689    1.90196    1.28727  525.77320 -251.06674
     00890    0.02874    0.12266   -0.08227    0.04147    3.96078    1.80371  252.47525 -301.93808
     00891   -0.25387    0.88672   -0.18716    0.07891    4.90196    1.83917  204.00000 -339.72362
     00892    0.04026    0.09260   -0.09012    0.05631    2.35294    1.29590  425.00000 -346.66510
     00893    0.05376    0.13987   -0.08362    0.04776    2.05882    1.21125  485.71429 -339.87870
     00894    0.00087    0.10986   -0.12365    0.05561    5.11765    2.25482  195.40230 -248.09273
     00895    0.04726    0.09233   -0.09533    0.04163    4.84314    2.04242  206.47773 -283.13794
     00896    0.13069    0.26432   -0.14324    0.09602    2.58824    1.47098  386.36364 -293.45510
     00897    0.11686    0.10652   -0.06682    0.03207    3.43137    1.56249  291.42857 -348.57635
     00898    0.06334    0.12382   -0.10354    0.05058    4.62745    2.16895  216.10169 -244.95087
     00899   -0.78363    1.20663   -0.11412    0.06382    3.43137    1.70645  291.42857 -294.58480
     00900    0.08979    0.14024   -0.11230    0.05477    3.01961    1.37898  331.16883 -394.00666
     00901    0.01125    0.08889   -0.10960    0.04737    6.17647    2.67674  161.90476 -211.68402
     00902   -0.04204    0.10343   -0.12322    0.05735    5.45098    2.57677  183.45324 -204.62922
     00903    0.01782    0.06734   -0.07530    0.03403    5.84314    2.28698  171.14094 -266.11615
     00904   -0.56394    1.01648   -0.12480    0.07015    3.92157    2.15882  255.00000 -208.21545
     00905    0.06813    0.10415   -0.09842    0.04917    2.80392    1.18850  356.64336 -484.75295
     00906   -1.11594    0.98855   -0.13916    0.06389    5.21569    2.10800  191.72932 -282.65336
     00907    0.03709    0.12680   -0.12715    0.06116    3.54902    1.61262  281.76796 -338.34153
     00908   -0.03866    0.08130   -0.09465    0.04999    3.68627    1.70915  271.27660 -313.81052
     00909   -0.03466    0.09795   -0.12346    0.05894    5.62745    2.40881  177.70035 -237.44175
     00910   -0.09151    0.11532   -0.15017    0.07196    4.09804    1.89173  244.01914 -284.59891
     00911   -0.05623    0.11158   -0.18787    0.07245    6.31373    2.51654  158.38509 -238.98668
     00912   -0.21007    0.71325   -0.14530    0.06173    7.25490    2.58080  137.83784 -249.63930
