     resid       ele       e_VAR       vdw       v_var      count      c_var      vol_c       vol_ 
     00671   -0.55107    0.58878   -0.11023    0.05902    4.56863    1.93274  218.88412 -298.51588
     00672   -0.01977    0.04278   -0.14376    0.05617    8.11765    3.13517  123.18841 -195.77348
     00673   -0.02455    0.03553   -0.12990    0.05734    5.58824    2.45889  178.94737 -227.74033
     00674   -0.04613    0.05114   -0.10515    0.05802    2.98039    1.44833  335.52632 -354.92489
     00675   -0.03411    0.06746   -0.19541    0.08360    6.70588    2.87173  149.12281 -199.09945
     00676   -0.01382    0.02655   -0.13348    0.03498    8.96078    2.40881  111.59737 -303.54473
     00677   -0.01023    0.03101   -0.09181    0.03320    3.92157    1.26558  255.00000 -535.15182
     00678   -0.37673    0.37807   -0.21089    0.08482    5.50980    2.01341  181.49466 -315.17482
     00679    0.00962    0.05110   -0.11782    0.04183    8.92157    2.98258  112.08791 -223.19179
     00680    0.00477    0.02873   -0.14757    0.04696    6.68627    2.06265  149.56012 -335.25354
     00681   -0.20871    0.40819   -0.20709    0.08285    4.35294    1.65474  229.72973 -374.59336
     00682   -0.05011    0.07517   -0.13210    0.06980    4.49020    1.98398  222.70742 -281.32980
     00683   -0.03580    0.05489   -0.08795    0.04570    6.29412    2.76032  158.87850 -203.39808
     00684   -0.02434    0.04843   -0.12446    0.06139    6.49020    2.65221  154.07855 -222.96551
     00685   -0.03819    0.06776   -0.11820    0.07520    3.21569    1.89233  310.97561 -217.47215
     00686   -0.00047    0.05188   -0.32868    0.18717    4.94118    2.01379  202.38095 -294.19435
     00687   -0.00320    0.06517   -0.07599    0.05152    2.21569    1.30329  451.32743 -315.95865
     00688   -0.00510    0.05486   -0.07976    0.04800    3.66667    1.83289  272.72727 -272.85991
     00689   -0.01256    0.08312   -0.17294    0.10819    3.19608    1.74917  312.88344 -258.81659
     00690   -0.12928    0.41395   -0.16428    0.08418    5.09804    2.41121  196.15385 -218.57626
     00691   -0.01101    0.07876   -0.20236    0.09110    7.00000    2.74398  142.85714 -221.57735
     00692    0.00212    0.10416   -0.19998    0.10938    5.88235    2.88095  170.00000 -177.10748
     00693   -0.02563    0.07935   -0.20154    0.11690    4.49020    2.36289  222.70742 -200.50359
     00694   -0.03346    0.06639   -0.13733    0.08500    4.50980    2.33786  221.73913 -206.00245
     00695    0.14954    0.51865   -0.16566    0.08721    3.52941    1.61310  283.33333 -336.59288
     00696   -0.04873    0.07751   -0.10628    0.06509    3.56863    2.10746  280.21978 -194.28609
     00697   -0.04259    0.05225   -0.12776    0.08344    3.98039    2.27079  251.23153 -189.14423
     00698   -0.06158    0.08111   -0.09092    0.06064    3.43137    2.01227  291.42857 -205.52378
     00699   -0.04791    0.09323   -0.11312    0.10608    2.17647    1.59295  459.45946 -168.30714
     00700   -0.02517    0.08401   -0.08726    0.10769    1.01961    1.12877  980.76923   94.85042
     00701   -0.02873    0.05299   -0.08087    0.05765    1.54902    1.01583  645.56962 -338.84696
     00702   -0.08337    0.15088   -0.14105    0.10984    1.86275    1.40055  536.84211 -177.16075
     00703   -0.02049    0.12441   -0.12369    0.12130    1.19608    0.92925  836.06557 -240.06582
     00704   -0.03462    0.19736   -0.08334    0.30147    0.09804    0.35727 10200.00000 7401.01137
     00705    0.02066    0.14769   -0.14742    0.15737    0.84314    0.77643 1186.04651 -101.89798
     00706   -0.37121    0.82481   -0.18386    0.14174    1.60784    1.01128  621.95122 -366.89637
     00707    0.01469    0.09158   -0.08777    0.11135    0.56863    0.66436 1758.62069  253.40328
     00708    0.02959    0.07991   -0.05782    0.07508    0.64706    0.83604 1545.45455  349.33872
     00709   -0.40070    0.48271   -0.18639    0.11627    3.19608    1.66886  312.88344 -286.32919
     00710   -0.05884    0.66172   -0.24125    0.16635    2.84314    1.74190  351.72414 -222.36144
     00711    0.01611    0.21832   -0.12118    0.15043    0.62745    0.76596 1593.75000  288.20180
     00712    0.04324    0.05979   -0.13397    0.06866    2.98039    1.52740  335.52632 -319.18130
     00713    0.03007    0.03362   -0.13431    0.06178    5.27451    2.26723  189.59108 -251.47583
     00714   -0.03396    0.10622   -0.16375    0.10063    3.23529    1.74433  309.09091 -264.19617
     00715    0.00796    0.06839   -0.08838    0.04935    1.74510    0.98704  573.03371 -440.10025
     00716    0.00804    0.04484   -0.13512    0.04680    5.84314    2.02313  171.14094 -323.14351
     00717   -0.55996    0.55690   -0.19113    0.07853    5.62745    2.25754  177.70035 -265.25906
     00718   -0.00902    0.10670   -0.20065    0.15460    1.25490    1.00671  796.87500 -196.46397
     00719   -0.01152    0.04572   -0.08865    0.04581    3.09804    1.45864  322.78481 -362.78329
     00720   -0.69656    0.52452   -0.17699    0.06861    6.98039    2.44541  143.25843 -265.67172
     00721   -0.01834    0.04252   -0.12580    0.04422    6.56863    2.34525  152.23881 -274.15518
     00722    0.05108    0.08419   -0.11932    0.05740    3.49020    1.44673  286.51685 -404.69491
     00723   -0.06750    0.04808   -0.13056    0.04439    7.35294    2.38314  136.00000 -283.61454
     00724   -0.03385    0.04128   -0.10247    0.03831    6.17647    2.08360  161.90476 -318.03280
     00725   -0.06470    0.06557   -0.11188    0.05048    2.45098    1.05373  408.00000 -541.01173
     00726   -0.53241    0.43222   -0.25920    0.10932    6.13725    2.04862  162.93930 -325.19398
     00727   -0.02314    0.08880   -0.21770    0.10386    5.13725    1.95056  194.65649 -318.01638
     00728   -0.00009    0.08132   -0.11811    0.07025    2.54902    1.12570  392.30769 -496.02690
     00729   -0.05335    0.07329   -0.17746    0.11016    3.60784    1.56027  277.17391 -363.74003
     00730   -0.03484    0.04168   -0.13881    0.07646    4.76471    2.17462  209.87654 -249.97497
     00731   -0.06142    0.42067   -0.18411    0.10251    3.78431    1.68399  264.24870 -329.57800
     00732   -0.20073    0.49802   -0.12171    0.06308    2.49020    1.07325  401.57480 -530.17492
     00733   -0.01040    0.11708   -0.21374    0.08606    3.56863    1.67162  280.21978 -318.00268
     00734    0.01292    0.06206   -0.27705    0.11543    5.19608    2.10527  192.45283 -282.54671
     00735    0.02667    0.05836   -0.08550    0.04895    2.58824    1.01318  386.36364 -600.63044
     00736    0.02434    0.05647   -0.07370    0.06241    1.03922    0.68487  962.26415 -497.86160
     00737   -0.01077    0.03837   -0.11943    0.05073    2.70588    1.03458  369.56522 -597.00979
     00738   -0.10623    0.14537   -0.20270    0.10935    2.92157    1.49303  342.28188 -327.49642
     00739    0.00914    0.13058   -0.11227    0.11522    0.78431    0.72257 1275.00000 -108.94965
     00740   -0.05825    0.11627   -0.08833    0.13456    0.33333    0.47140 3000.00000  878.67966
     00741   -0.01570    0.02831   -0.08767    0.07592    0.70588    0.60372 1416.66667 -239.73633
     00742   -0.03276    0.17358   -0.12130    0.16073    0.41176    0.49215 2428.57143  396.68279
     00743    0.00778    0.12440   -0.06657    0.09094    0.41176    0.49215 2428.57143  396.68279
     00744    0.03467    0.36799   -0.10205    0.36553    0.07843    0.26885 12750.00000 9030.44272
     00745    0.00000    0.00000    0.00000    0.00000    0.00000    0.26885 12750.00000    0.00000
     00746   -0.06614    0.20893   -0.06035    0.18735    0.09804    0.29737 10200.00000 6837.15959
     00747    0.01030    0.11811   -0.08861    0.13938    0.41176    0.59988 2428.57143  761.58428
     00748    0.07992    0.10507   -0.09274    0.09682    1.13725    0.81697  879.31034 -344.72883
     00749    0.07055    0.20166   -0.13837    0.28651    0.21569    0.41130 4636.36364 2205.03403
     00750    0.03597    0.13519   -0.05269    0.07059    0.43137    0.56897 2318.18182  560.60575
     00751   -0.09378    0.11586   -0.18930    0.09362    3.35294    1.65474  298.24561 -306.07748
     00752   -0.61073    0.74012   -0.25079    0.14307    4.43137    2.24268  225.66372 -220.23180
     00753    0.00012    0.06749   -0.07448    0.05619    1.68627    1.17973  593.02326 -254.62543
     00754    0.00474    0.06876   -0.12437    0.06707    3.92157    1.88745  255.00000 -274.81473
     00755   -0.00501    0.05524   -0.14756    0.06997    6.01961    2.50873  166.12378 -232.48406
     00756   -0.02315    0.06261   -0.21124    0.09201    7.07843    2.94288  141.27424 -198.52949
     00757    0.00766    0.03197   -0.12305    0.04904    6.47059    2.42821  154.54545 -257.28089
     00758   -0.02622    0.11262   -0.19711    0.09712    5.74510    2.39151  174.06143 -244.08374
     00759   -0.01746    0.05068   -0.12929    0.06772    4.01961    1.72058  248.78049 -332.41845
     00760   -0.37665    0.47010   -0.27781    0.10740    5.72549    2.14273  174.65753 -292.03585
     00761    0.00292    0.03898   -0.22992    0.08752    6.49020    2.39585  154.07855 -263.30975
     00762   -0.03323    0.07752   -0.17341    0.12902    1.27451    0.76897  784.61538 -515.82967
     00763   -0.01143    0.03568   -0.11910    0.05515    3.07843    1.26558  324.84076 -465.31105
     00764    0.00886    0.10929   -0.05323    0.14205    0.13725    0.34412 7285.71429 4379.71959
     00765    0.01359    0.05497   -0.08035    0.03980    3.90196    1.87088  256.28141 -278.22640
     00766   -0.02249    0.05679   -0.14945    0.06495    7.45098    3.02482  134.21053 -196.38726
     00767   -0.10866    0.32750   -0.16474    0.07894    6.90196    2.99185  144.88636 -189.35488
     00768   -0.03167    0.04845   -0.10714    0.05914    2.54902    1.34767  392.30769 -349.71166
     00769    0.00158    0.03760   -0.12489    0.04743    6.37255    2.49675  156.92308 -243.59774
     00770   -0.02309    0.10811   -0.18698    0.10497    1.62745    0.83925  614.45783 -577.07892
     00771   -0.05825    0.10978   -0.20069    0.07425    5.66667    2.09263  176.47059 -301.39781
     00772   -0.05951    0.42456   -0.22889    0.10415    5.45098    2.03223  183.45324 -308.61757
     00773   -0.02183    0.05366   -0.16515    0.08271    5.41176    2.34459  184.78261 -241.73064
     00774   -0.33533    0.56600   -0.24795    0.12051    2.90196    1.45864  344.59459 -340.97350
     00775    0.02043    0.05840   -0.20352    0.12199    3.62745    1.89903  275.67568 -250.90966
     00776   -0.00523    0.08677   -0.22286    0.11746    5.13725    2.26672  194.65649 -246.50942
     00777   -0.39871    0.70127   -0.15477    0.09821    3.54902    2.07046  281.76796 -201.21604
     00778   -0.02042    0.05587   -0.11189    0.07613    2.37255    1.52059  421.48760 -236.15277
     00779   -0.49259    0.55548   -0.27749    0.14777    5.86275    2.73696  170.56856 -194.79995
     00780   -0.01585    0.03757   -0.13242    0.08512    1.88235    1.18234  531.25000 -314.53161
     00781   -0.00549    0.05271   -0.16611    0.08643    6.13725    2.97057  162.93930 -173.69620
     00782   -0.00721    0.06371   -0.13180    0.05883    5.49020    2.08047  182.14286 -298.51888
     00783    0.00810    0.09075   -0.15665    0.09471    2.84314    1.63746  351.72414 -258.97767
     00784    0.02992    0.08041   -0.23861    0.16671    2.41176    1.45759  414.63415 -271.43002
     00785    0.02171    0.05054   -0.12652    0.05253    5.29412    1.99307  188.88889 -312.85025
     00786   -0.43945    0.53233   -0.26450    0.12461    4.19608    1.96059  238.31776 -271.73325
     00787   -0.03636    0.06654   -0.12902    0.07462    1.37255    0.79115  728.57143 -535.41664
     00788   -0.60892    0.75010   -0.28022    0.14070    3.84314    1.71924  260.20408 -321.44827
     00789   -0.05518    0.09265   -0.21287    0.08985    4.88235    1.72237  204.81928 -375.77676
     00790   -0.06181    0.07832   -0.20074    0.12744    1.60784    0.88735  621.95122 -505.00021
     00791   -0.02154    0.09751   -0.09727    0.05298    2.31373    1.14601  432.20339 -440.38865
     00792   -0.04334    0.10254   -0.21563    0.10884    4.23529    1.95627  236.11111 -275.06595
     00793   -0.43174    0.52854   -0.24272    0.11254    3.62745    1.64449  275.67568 -332.41591
     00794   -0.01720    0.06659   -0.10350    0.07551    2.17647    1.46469  459.45946 -223.27697
     00795   -0.00299    0.06581   -0.10016    0.05341    4.84314    1.99384  206.47773 -295.06727
     00796   -0.01356    0.07770   -0.20524    0.11782    5.96078    2.99647  167.76316 -165.96245
     00797    0.02549    0.03546   -0.13052    0.07779    4.66667    2.52569  214.28571 -181.64647
     00798   -0.01657    0.09590   -0.22813    0.12243    5.49020    2.58482  182.14286 -204.73180
     00799   -0.01378    0.07779   -0.15081    0.09220    2.41176    1.36017  414.63415 -320.56902
     00800   -0.05179    0.05802   -0.12874    0.06930    4.31373    2.06265  231.81818 -252.99547
     00801   -0.04457    0.05214   -0.13484    0.05404    5.27451    2.19695  189.59108 -265.58467
     00802   -0.00943    0.09768   -0.18518    0.10266    4.03922    2.00940  247.57282 -250.08883
     00803   -0.32305    0.82488   -0.15836    0.13915    1.54902    1.16002  645.56962 -216.48772
     00804    0.00785    0.05652   -0.11860    0.05629    1.92157    0.96697  520.40816 -513.75340
     00805    0.01245    0.04918   -0.13602    0.06366    2.00000    0.97014  500.00000 -530.77641
     00806    0.00031    0.08511   -0.16042    0.26427    0.43137    0.66436 2318.18182  812.96441
     00807    0.02876    0.06910   -0.12943    0.12435    0.54902    0.49759 1821.42857 -188.25296
     00808    0.28574    0.95037   -0.10820    0.07755    1.00000    0.52394 1000.00000 -908.62703
     00809    0.03826    0.07471   -0.05171    0.05390    0.50980    0.49990 1961.53846  -38.84612
     00810    0.07202    0.07748   -0.13762    0.09613    1.07843    0.65209  927.27273 -606.25846
     00811    0.04547    0.08040   -0.11566    0.10711    0.64706    0.51729 1545.45455 -387.69547
     00812   -0.02776    0.18103   -0.05544    0.19642    0.07843    0.26885 12750.00000 9030.44272
     00813    0.06298    0.12613   -0.08905    0.09933    0.84314    0.77643 1186.04651 -101.89798
     00814    0.04793    0.08105   -0.10848    0.06367    2.47059    1.19399  404.76190 -432.76798
     00815   -0.00271    0.05626   -0.10137    0.06358    1.66667    0.98352  600.00000 -416.75158
     00816    0.00795    0.04961   -0.14784    0.07407    3.23529    1.51578  309.09091 -350.63704
     00817   -0.03447    0.07136   -0.12288    0.06774    3.17647    1.62946  314.81481 -298.88627
     00818   -0.01784    0.05507   -0.16171    0.08487    4.52941    2.08028  220.77922 -259.92522
     00819   -0.08472    0.46835   -0.20753    0.12527    4.58824    2.46685  217.94872 -187.42646
     00820   -0.00080    0.06412   -0.09623    0.04822    4.92157    1.95882  203.18725 -307.32352
     00821   -0.01585    0.09067   -0.13642    0.08033    2.72549    1.35875  366.90647 -369.06181
     00822   -0.39563    0.66046   -0.18602    0.10935    3.19608    1.68056  312.88344 -282.15458
     00823   -0.05151    0.11145   -0.19026    0.11717    3.54902    1.86099  281.76796 -255.58048
     00824   -0.10683    0.11081   -0.23807    0.12362    4.50980    2.00365  221.73913 -277.35025
     00825   -0.18164    0.56460   -0.17486    0.09676    4.07843    2.05649  245.19231 -241.07361
     00826   -0.03724    0.05237   -0.13616    0.07965    3.90196    1.88133  256.28141 -275.25705
     00827   -0.02830    0.07707   -0.12692    0.07064    1.98039    0.98000  504.95050 -515.45775
     00828   -0.32518    0.48495   -0.21454    0.10736    3.98039    1.99500  251.23153 -250.02270
     00829   -0.15061    0.49653   -0.20489    0.08503    4.41176    1.65892  226.66667 -376.13484
     00830    0.00640    0.06651   -0.16303    0.07391    3.11765    1.47724  320.75472 -356.18342
     00831   -0.76070    0.80615   -0.27672    0.12939    3.05882    1.44727  326.92308 -364.03489
     00832    0.01741    0.06470   -0.21254    0.09531    4.98039    1.75444  200.78740 -369.19623
     00833    0.00465    0.12364   -0.23077    0.09458    4.58824    1.79516  217.94872 -339.10406
     00834   -0.02030    0.05985   -0.15995    0.07097    2.41176    1.17451  414.63415 -436.78607
     00835   -0.03528    0.04428   -0.13381    0.04782    4.66667    1.52966  214.28571 -439.45300
     00836   -0.31406    0.51344   -0.15981    0.05753    4.82353    1.81179  207.31707 -344.62322
     00837   -0.13098    0.50170   -0.17516    0.10093    3.17647    1.46469  314.81481 -367.92161
     00838   -0.01615    0.05367   -0.08790    0.05314    2.13725    1.01014  467.88991 -522.07481
     00839   -0.17634    0.67414   -0.20426    0.09243    3.29412    1.27255  303.57143 -482.25385
     00840   -0.02529    0.60632   -0.23814    0.16029    3.09804    1.65985  322.78481 -279.68012
     00841   -0.00133    0.09205   -0.17114    0.18028    1.47059    1.34824  680.00000  -61.70540
     00842    0.00032    0.06086   -0.10781    0.08429    2.68627    1.69764  372.26277 -216.79160
     00843   -0.13276    0.62940   -0.15229    0.11189    2.84314    1.97407  351.72414 -154.84284
     00844   -0.45591    0.69969   -0.13328    0.08271    4.05882    1.91395  246.37681 -276.10274
     00845    0.02144    0.07961   -0.13219    0.07881    4.39216    2.29303  227.67857 -208.42599
     00846   -0.02740    0.07390   -0.25860    0.16554    3.98039    1.92497  251.23153 -268.25790
     00847   -0.04210    0.06282   -0.15039    0.06440    6.39216    2.43406  156.44172 -254.39463
     00848   -0.54517    0.58045   -0.26404    0.14528    5.68627    3.05178  175.86207 -151.81590
     00849   -0.17851    0.49062   -0.23571    0.17291    2.94118    1.86202  340.00000 -197.05042
     00850   -0.03840    0.04254   -0.12861    0.04695    6.05882    1.98437  165.04854 -338.89025
     00851   -0.05324    0.05067   -0.18275    0.06504    7.25490    2.71411  137.83784 -230.60696
     00852   -0.12817    0.13845   -0.20380    0.11568    4.98039    2.33885  200.78740 -226.77376
     00853   -0.03074    0.04664   -0.10113    0.05715    2.07843    1.15203  481.13208 -386.89802
     00854   -0.01667    0.05939   -0.17650    0.06304    4.84314    1.62544  206.47773 -408.73965
     00855   -0.23454    0.41253   -0.17413    0.06530    6.60784    2.31854  151.33531 -279.97072
     00856    0.02906    0.06269   -0.18444    0.10874    2.31373    1.16299  432.20339 -427.64574
     00857    0.00134    0.05803   -0.15612    0.08731    1.88235    0.89983  531.25000 -580.07477
     00858   -0.04960    0.44255   -0.18594    0.07493    4.58824    1.71700  217.94872 -364.46169
     00859    0.05541    0.08003   -0.14593    0.06699    3.90196    1.48529  256.28141 -416.98959
     00860    0.01979    0.06046   -0.10906    0.06270    2.00000    1.06642  500.00000 -437.71549
     00861    0.00009    0.22282   -0.20155    0.14019    2.15686    1.10919  463.63636 -437.92478
     00862   -0.02091    0.05610   -0.11860    0.06205    3.64706    1.72438  274.19355 -305.72646
     00863    0.00535    0.04408   -0.11662    0.06897    2.41176    1.17451  414.63415 -436.78607
     00864    0.01616    0.09622   -0.12086    0.11195    0.96078    0.76596 1040.81633 -264.73187
     00865   -0.46515    0.62448   -0.27386    0.11117    3.68627    1.60257  271.27660 -352.71960
     00866   -0.00947    0.49775   -0.17455    0.08309    3.29412    1.25704  303.57143 -491.94521
     00867   -0.00079    0.07897   -0.09202    0.10086    0.56863    0.56897 1758.62069    1.04462
     00868   -0.05106    0.13230   -0.15773    0.13403    1.33333    0.96338  750.00000 -288.01001
     00869   -0.04912    0.08319   -0.22305    0.09374    5.13725    1.81518  194.65649 -356.25238
     00870   -0.05366    0.06903   -0.17440    0.10822    2.45098    1.24166  408.00000 -397.37471
     00871    0.01010    0.06666   -0.10718    0.07339    1.39216    0.90918  718.30986 -381.58443
     00872   -0.02089    0.03785   -0.12079    0.04179    6.49020    2.15454  154.07855 -310.05674
     00873   -0.05777    0.42144   -0.19744    0.08394    6.11765    2.31489  163.46154 -268.52473
     00874    0.03417    0.05992   -0.12528    0.08024    2.45098    1.34767  408.00000 -334.01935
     00875   -0.00327    0.06167   -0.14172    0.06101    4.98039    2.20063  200.78740 -253.62884
     00876   -0.00092    0.03876   -0.14698    0.05670    8.76471    3.05882  114.09396 -212.82912
     00877   -0.15821    0.47992   -0.16048    0.06660    6.98039    2.74033  143.25843 -221.66086
     00878   -0.00245    0.06057   -0.11778    0.05300    5.49020    2.03280  182.14286 -309.79058
     00879   -0.03811    0.07319   -0.20728    0.08945    7.05882    2.71099  141.66667 -227.20191
     00880   -0.01725    0.04997   -0.22111    0.10461    7.29412    3.24970  137.09677 -170.62389
     00881    0.00789    0.02207   -0.12452    0.06442    5.90196    2.54570  169.43522 -223.38417
     00882   -0.01132    0.06839   -0.14534    0.09130    4.21569    2.17214  237.20930 -223.16651
     00883   -0.00007    0.05942   -0.11542    0.06791    3.37255    1.60832  296.51163 -325.25468
     00884   -0.30951    0.60806   -0.24836    0.13562    2.72549    1.35875  366.90647 -369.06181
     00885    0.01202    0.04311   -0.15995    0.08874    3.15686    1.46022  316.77019 -368.05582
     00886   -0.00580    0.07986   -0.12545    0.08641    2.68627    1.42099  372.26277 -331.47007
     00887   -0.04616    0.48835   -0.20123    0.11805    4.17647    1.98727  239.43662 -263.76574
     00888   -0.00268    0.04259   -0.22428    0.11899    5.17647    2.47106  193.18182 -211.50362
     00889    0.02095    0.05863   -0.15121    0.12065    2.25490    1.55731  443.47826 -198.65377
     00890    0.00540    0.06403   -0.10732    0.05676    4.49020    2.11783  222.70742 -249.47432
     00891   -0.14157    0.41325   -0.20186    0.11488    5.27451    2.48192  189.59108 -213.32242
     00892    0.01623    0.04719   -0.11335    0.08303    2.39216    1.35875  418.03279 -317.93550
     00893    0.01844    0.06813   -0.10992    0.05938    2.41176    1.20744  414.63415 -413.56735
     00894    0.00584    0.06162   -0.15372    0.07014    6.70588    3.05694  149.12281 -178.00196
     00895    0.02032    0.04435   -0.12364    0.06956    5.56863    2.70261  179.57746 -190.43490
     00896    0.01217    0.16738   -0.16459    0.11008    2.37255    1.48140  421.48760 -253.55035
     00897    0.03570    0.05218   -0.08886    0.04430    3.03922    1.57132  329.03226 -307.37486
     00898    0.02709    0.05764   -0.12821    0.04714    5.82353    2.30690  171.71717 -261.76451
     00899   -0.31884    0.69315   -0.14245    0.07828    3.19608    1.37227  312.88344 -415.83673
     00900    0.00883    0.10507   -0.15112    0.09099    2.17647    1.00403  459.45946 -536.52791
     00901   -0.00751    0.06624   -0.16150    0.05357    5.29412    1.69537  188.88889 -400.95289
     00902   -0.01292    0.05341   -0.14602    0.07016    5.45098    2.41168  183.45324 -231.19461
     00903    0.01500    0.03949   -0.09123    0.05548    4.94118    2.14578  202.38095 -263.64949
     00904   -0.52894    0.78238   -0.16087    0.09536    3.68627    1.87334  271.27660 -262.52806
     00905    0.00535    0.06209   -0.11711    0.07777    2.25490    1.26558  443.47826 -346.67356
     00906   -0.49337    0.69971   -0.18143    0.08929    4.74510    2.34180  210.74380 -216.27747
     00907   -0.00086    0.07991   -0.15223    0.06973    3.70588    1.79645  269.84127 -286.81319
     00908   -0.06348    0.05627   -0.14583    0.06314    4.94118    1.93433  202.38095 -314.59355
     00909   -0.00937    0.06306   -0.16555    0.07352    6.43137    2.48332  155.48780 -247.19955
     00910   -0.02813    0.05516   -0.16532    0.05944    6.90196    2.16256  144.88636 -317.52870
     00911   -0.05006    0.07588   -0.20319    0.08056    6.92157    2.25652  144.47592 -298.68412
     00912   -0.04570    0.37564   -0.17734    0.06440    7.17647    2.37393  139.34426 -281.89885
