     resid       ele       e_VAR       vdw       v_var      count      c_var      vol_c       vol_ 
     00671   -0.45562    0.99543   -0.21767    0.12350    4.45098    2.21681  224.66960 -226.42826
     00672   -0.02662    0.12303   -0.21168    0.11610    3.78431    1.83980  264.24870 -279.28960
     00673   -0.05063    0.06067   -0.17725    0.06420    5.17647    1.68855  193.18182 -399.04124
     00674    0.01519    0.08829   -0.13074    0.08362    2.15686    1.14400  463.63636 -410.49238
     00675   -0.06238    0.13847   -0.24669    0.16160    3.78431    1.99326  264.24870 -237.44188
     00676   -0.03004    0.04346   -0.14236    0.04488    6.74510    2.11292  148.25581 -325.02256
     00677   -0.01186    0.06883   -0.10171    0.05045    2.52941    1.22639  395.34884 -420.05125
     00678   -0.11863    0.71263   -0.24253    0.13735    3.70588    1.72972  269.84127 -308.28747
     00679    0.00213    0.06344   -0.13291    0.05498    6.23529    2.38942  160.37736 -258.13371
     00680   -0.00107    0.04696   -0.15650    0.05875    5.70588    2.04167  175.25773 -314.53854
     00681   -0.21833    0.54620   -0.23127    0.13274    3.09804    1.43151  322.78481 -375.77979
     00682   -0.07551    0.10793   -0.16555    0.11347    3.01961    1.50151  331.16883 -334.82958
     00683   -0.01737    0.11078   -0.12469    0.09421    4.11765    2.16611  242.85714 -218.79949
     00684   -0.09115    0.11085   -0.19231    0.14573    3.96078    2.56646  252.47525 -137.16709
     00685   -0.08721    0.19128   -0.17573    0.14386    1.78431    1.20966  560.43956 -266.23731
     00686   -0.00171    0.10819   -0.46692    0.29611    2.68627    1.54018  372.26277 -277.01060
     00687   -0.00611    0.13840   -0.10857    0.10586    1.07843    0.90409  927.27273 -178.81238
     00688    0.02410    0.10900   -0.10775    0.09547    1.54902    1.10815  645.56962 -256.83793
     00689   -0.00435    0.14530   -0.23430    0.18521    1.86275    1.13793  536.84211 -341.94593
     00690    0.22878    0.71170   -0.22330    0.15549    2.78431    1.51222  359.15493 -302.12402
     00691   -0.09882    0.13565   -0.29522    0.11988    6.00000    2.22288  166.66667 -283.20104
     00692   -0.03640    0.12126   -0.28038    0.15642    4.88235    2.52553  204.81928 -191.13677
     00693   -0.05328    0.11973   -0.26532    0.15701    2.56863    1.54989  389.31298 -255.89491
     00694   -0.03309    0.08783   -0.16959    0.12421    3.33333    2.27231  300.00000 -140.08054
     00695    0.22058    1.16825   -0.26285    0.18199    3.19608    1.66886  312.88344 -286.32919
     00696   -0.04736    0.15569   -0.16472    0.15323    1.94118    1.30477  515.15152 -251.26767
     00697   -0.04133    0.08270   -0.16282    0.14536    2.39216    1.73859  418.03279 -157.14705
     00698   -0.04269    0.10891   -0.12738    0.11598    1.64706    1.26528  607.14286 -183.19870
     00699   -0.05004    0.19679   -0.15240    0.20966    0.78431    0.87029 1275.00000  125.95493
     00700   -0.01025    0.14140   -0.09678    0.12457    0.62745    0.71293 1593.75000  191.08342
     00701   -0.00430    0.13866   -0.08863    0.13664    0.35294    0.51729 2833.33333  900.18332
     00702   -0.08341    0.20510   -0.12872    0.16293    0.80392    0.76747 1243.90244  -59.08669
     00703   -0.07550    0.34415   -0.18463    0.42023    0.29412    0.53483 3400.00000 1530.24928
     00704   -0.12028    0.85051   -0.12342    0.87270    0.01961    0.13865 51000.00000 43787.51083
     00705   -0.05522    0.28270   -0.11161    0.14324    0.47059    0.57233 2125.00000  377.76879
     00706   -0.22981    1.87882   -0.19587    0.27665    0.49020    0.57301 2040.00000  294.81593
     00707   -0.07492    0.16045   -0.08578    0.13355    0.31373    0.46401 3187.50000 1032.35665
     00708   -0.13984    0.57005   -0.05281    0.21263    0.05882    0.23529 17000.00000 12750.00000
     00709   -0.40341    1.42610   -0.19542    0.21655    0.98039    0.82818 1020.00000 -187.46000
     00710   -0.33555    1.88992   -0.37640    0.40678    0.88235    0.87777 1133.33333   -5.92265
     00711   -0.05176    0.26801   -0.11436    0.19189    0.27451    0.44627 3642.85714 1402.04579
     00712    0.02430    0.15016   -0.13170    0.13358    0.84314    0.82539 1186.04651  -25.49505
     00713    0.04502    0.09526   -0.13982    0.10008    2.41176    1.49740  414.63415 -253.18892
     00714   -0.00480    0.20034   -0.22638    0.15441    1.94118    0.99827  515.15152 -486.58309
     00715    0.04212    0.14506   -0.10336    0.12282    0.66667    0.75840 1500.00000  181.42639
     00716    0.02907    0.10566   -0.14454    0.08408    2.68627    1.14601  372.26277 -500.32926
     00717   -0.37714    0.96337   -0.26716    0.12857    3.96078    1.75969  252.47525 -315.80736
     00718    0.07520    0.15630   -0.22939    0.16617    1.19608    0.81697  836.06557 -387.97360
     00719    0.03084    0.09395   -0.09787    0.05500    1.96078    0.96935  510.00000 -521.61958
     00720   -0.55615    0.80878   -0.25567    0.11743    4.35294    1.87683  229.72973 -303.08354
     00721   -0.01443    0.05448   -0.16773    0.05732    5.70588    2.07973  175.25773 -305.57488
     00722    0.04935    0.10541   -0.17085    0.07994    3.25490    1.21821  307.22892 -513.64513
     00723   -0.05948    0.05908   -0.16615    0.05050    6.66667    1.73394  150.00000 -426.72237
     00724   -0.02366    0.05890   -0.12798    0.05192    5.68627    2.27941  175.86207 -262.84862
     00725   -0.03040    0.11246   -0.17546    0.11614    2.05882    1.05555  485.71429 -461.65868
     00726   -0.41619    0.77040   -0.38582    0.16621    5.37255    2.27485  186.13139 -253.45845
     00727   -0.05484    0.11415   -0.29213    0.17411    4.78431    2.83060  209.01639 -144.26545
     00728   -0.01751    0.16465   -0.19019    0.13327    1.70588    1.17647  586.20690 -263.79310
     00729   -0.01687    0.14762   -0.25326    0.17622    2.88235    2.05462  346.93878 -139.76981
     00730   -0.04754    0.08213   -0.18204    0.12920    3.29412    2.38701  303.57143 -115.36302
     00731   -0.07709    0.84310   -0.21467    0.17908    2.07843    1.32610  481.13208 -272.95604
     00732   -0.25426    0.74678   -0.13655    0.11546    1.33333    1.04162  750.00000 -210.04518
     00733   -0.08536    0.20740   -0.29756    0.23169    2.01961    1.27557  495.14563 -288.82058
     00734   -0.04330    0.11789   -0.30414    0.24400    1.62745    1.20393  614.45783 -216.15665
     00735   -0.03131    0.10753   -0.08492    0.10921    0.74510    0.76294 1342.10526   31.39337
     00736   -0.00578    0.08205   -0.06657    0.10191    0.31373    0.46401 3187.50000 1032.35665
     00737    0.01286    0.07303   -0.09791    0.08647    0.92157    0.65209 1085.10638 -448.42480
     00738   -0.06307    0.24000   -0.21791    0.27954    0.84314    0.77643 1186.04651 -101.89798
     00739    0.10163    1.07235   -0.16240    0.74713    0.05882    0.23529 17000.00000 12750.00000
     00740    0.00000    0.00000    0.00000    0.00000    0.00000    0.23529 17000.00000    0.00000
     00741    0.01382    0.11024   -0.10482    0.44999    0.05882    0.23529 17000.00000 12750.00000
     00742    0.00000    0.00000    0.00000    0.00000    0.00000    0.23529 17000.00000    0.00000
     00743    0.00000    0.00000    0.00000    0.00000    0.00000    0.23529 17000.00000    0.00000
     00744    0.00000    0.00000    0.00000    0.00000    0.00000    0.23529 17000.00000    0.00000
     00745    0.00000    0.00000    0.00000    0.00000    0.00000    0.23529 17000.00000    0.00000
     00746    0.05579    0.22415   -0.05607    0.19264    0.07843    0.26885 12750.00000 9030.44272
     00747   -0.12755    0.47422   -0.15459    0.35162    0.19608    0.44367 5100.00000 2846.09713
     00748   -0.10141    0.39839   -0.25313    0.36110    0.45098    0.63597 2217.39130  644.99394
     00749   -0.32361    2.28828   -0.23500    1.66168    0.01961    0.13865 51000.00000 43787.51083
     00750   -0.04140    0.29964   -0.05939    0.15785    0.17647    0.42959 5666.66667 3338.84580
     00751   -0.16914    0.13755   -0.21467    0.14448    3.05882    1.69673  326.92308 -262.44588
     00752   -1.42133    1.70038   -0.35866    0.25931    2.31373    1.50151  432.20339 -233.79502
     00753    0.12509    0.27185   -0.12013    0.12025    0.78431    0.77494 1275.00000  -15.41577
     00754    0.00464    0.09333   -0.16469    0.09416    4.43137    2.46747  225.66372 -179.60906
     00755   -0.04965    0.06968   -0.20964    0.09933    6.66667    3.23987  150.00000 -158.65474
     00756   -0.12708    0.11592   -0.29964    0.12920    7.74510    3.22273  129.11392 -181.18176
     00757   -0.02399    0.04098   -0.16818    0.06211    6.66667    2.34869  150.00000 -275.76945
     00758   -0.06794    0.10652   -0.29264    0.12236    7.72549    2.97755  129.44162 -206.40464
     00759   -0.00733    0.07608   -0.16417    0.07318    4.23529    1.71027  236.11111 -348.59135
     00760   -0.32318    0.54112   -0.36872    0.13203    7.05882    2.44478  141.66667 -267.36869
     00761   -0.03075    0.05715   -0.23869    0.07670    6.25490    1.98863  159.87461 -342.98519
     00762    0.01055    0.17543   -0.08545    0.13023    0.31373    0.46401 3187.50000 1032.35665
     00763    0.00546    0.08906   -0.16091    0.07302    4.11765    1.74499  242.85714 -330.21274
     00764    0.00000    0.00000    0.00000    0.00000    0.00000    1.74499  242.85714    0.00000
     00765    0.00094    0.07409   -0.09096    0.04653    2.37255    1.17090  421.48760 -432.55494
     00766   -0.04875    0.07792   -0.17860    0.08366    5.39216    2.56735  185.45455 -204.05141
     00767    0.05582    0.44897   -0.23431    0.11040    4.15686    1.67300  240.56604 -357.16318
     00768   -0.01604    0.07180   -0.13784    0.08142    1.52941    0.89339  653.84615 -465.47961
     00769    0.03135    0.06843   -0.15405    0.04475    5.25490    1.59464  190.29851 -436.80334
     00770   -0.14411    0.16579   -0.24902    0.17058    1.00000    0.52394 1000.00000 -908.62703
     00771   -0.06962    0.15126   -0.29931    0.10551    6.05882    1.78679  165.04854 -394.61434
     00772    0.06357    0.52849   -0.25742    0.13002    4.88235    2.10179  204.81928 -270.96508
     00773   -0.06332    0.08508   -0.22665    0.09950    6.70588    2.65163  149.12281 -228.00371
     00774   -0.16601    0.62352   -0.34442    0.12931    3.41176    1.38870  293.10345 -426.99423
     00775    0.05431    0.13804   -0.16732    0.12455    1.47059    1.01659  680.00000 -303.68386
     00776   -0.04267    0.15035   -0.30930    0.16395    4.80392    2.26672  208.16327 -233.00264
     00777   -0.55598    1.17289   -0.23307    0.13812    3.96078    2.05761  252.47525 -233.52565
     00778    0.05353    0.10623   -0.14859    0.09382    1.70588    1.10780  586.20690 -316.48332
     00779   -0.30966    0.94171   -0.40431    0.21573    3.90196    2.09813  256.28141 -220.33329
     00780   -0.07513    0.20918   -0.36049    0.41064    0.92157    0.96697 1085.10638   50.94482
     00781   -0.05766    0.09437   -0.22160    0.10178    4.43137    1.74058  225.66372 -348.85882
     00782   -0.04339    0.11749   -0.20339    0.14441    3.62745    2.09538  275.67568 -201.56464
     00783   -0.13789    0.25114   -0.23370    0.21248    1.92157    1.41204  520.40816 -187.78857
     00784   -0.03112    0.16357   -0.18839    0.16852    0.94118    0.77742 1062.50000 -223.80484
     00785   -0.03060    0.07067   -0.13586    0.08818    4.47059    2.49983  223.68421 -176.34347
     00786   -0.20504    0.91465   -0.33854    0.19195    3.70588    2.14471  269.84127 -196.42283
     00787   -0.03791    0.16329   -0.14850    0.16737    0.60784    0.56285 1645.16129 -131.50790
     00788   -0.43027    1.18704   -0.36060    0.25836    3.43137    2.01227  291.42857 -205.52378
     00789   -0.07511    0.09632   -0.25894    0.11699    5.49020    2.32946  182.14286 -247.14156
     00790   -0.01086    0.09177   -0.15424    0.15111    1.00000    0.76696 1000.00000 -303.84048
     00791    0.02431    0.13474   -0.09481    0.07409    1.11765    0.80798  894.73684 -342.92310
     00792   -0.10965    0.15861   -0.25898    0.09845    5.54902    1.86099  180.21201 -357.13642
     00793   -0.24860    0.62883   -0.20373    0.08305    3.90196    1.41774  256.28141 -449.06488
     00794    0.05571    0.19945   -0.12010    0.13273    1.01961    1.07540  980.76923   50.87991
     00795   -0.02454    0.06249   -0.11032    0.05329    6.21569    2.41168  160.88328 -253.76457
     00796   -0.09104    0.06777   -0.23301    0.07365    8.72549    2.42599  114.60674 -297.59607
     00797    0.01608    0.05644   -0.16053    0.06975    5.03922    1.82532  198.44358 -349.40537
     00798   -0.03373    0.12601   -0.28059    0.12336    8.09804    3.27950  123.48668 -181.43822
     00799   -0.05366    0.08838   -0.18693    0.12569    2.17647    1.23202  459.45946 -352.21448
     00800   -0.04048    0.06608   -0.15769    0.09468    4.11765    1.94681  242.85714 -270.80288
     00801   -0.01722    0.06569   -0.14307    0.07973    5.00000    2.66421  200.00000 -175.34515
     00802   -0.09207    0.16994   -0.24743    0.16158    2.90196    1.68331  344.59459 -249.47378
     00803    0.07942    0.86277   -0.18101    0.15159    1.54902    1.05373  645.56962 -303.44211
     00804    0.02896    0.08632   -0.11945    0.10525    1.29412    1.07182  772.72727 -160.26894
     00805    0.05922    0.13007   -0.11310    0.09416    1.25490    1.04493  796.87500 -160.12295
     00806   -0.09230    0.23446   -0.21764    0.55435    0.21569    0.49759 4636.36364 2626.68210
     00807    0.00000    0.00000    0.00000    0.00000    0.00000    0.49759 4636.36364    0.00000
     00808   -0.86335    2.74604   -0.18437    0.26684    0.43137    0.49527 2318.18182  299.07248
     00809   -0.04299    0.15432   -0.04768    0.07691    0.33333    0.47140 3000.00000  878.67966
     00810    0.06485    0.12180   -0.06164    0.08762    0.37255    0.48348 2684.21053  615.88741
     00811    0.00000    0.00000    0.00000    0.00000    0.00000    0.48348 2684.21053    0.00000
     00812    0.00000    0.00000    0.00000    0.00000    0.00000    0.48348 2684.21053    0.00000
     00813   -0.01521    0.08945   -0.07662    0.20534    0.17647    0.42959 5666.66667 3338.84580
     00814    0.03346    0.13203   -0.09602    0.09587    0.70588    0.69435 1416.66667  -23.52869
     00815    0.09201    0.08306   -0.08865    0.07111    0.64706    0.51729 1545.45455 -387.69547
     00816   -0.00896    0.07320   -0.16278    0.09428    1.70588    0.86985  586.20690 -563.42189
     00817   -0.03905    0.10703   -0.14917    0.10701    1.58824    1.05117  629.62963 -321.69074
     00818   -0.03347    0.08874   -0.19299    0.13434    3.09804    1.81772  322.78481 -227.35428
     00819   -0.26186    0.81133   -0.21951    0.15440    2.80392    1.55953  356.64336 -284.57446
     00820   -0.02078    0.09628   -0.11800    0.07572    2.43137    1.27194  411.29032 -374.90836
     00821    0.00531    0.17205   -0.17315    0.17407    1.15686    0.95738  864.40678 -180.11392
     00822   -0.20739    0.87913   -0.24952    0.21094    2.17647    1.50432  459.45946 -205.29314
     00823   -0.10251    0.20614   -0.29097    0.23626    3.05882    2.08083  326.92308 -153.65330
     00824   -0.06410    0.13764   -0.28101    0.18613    2.60784    1.54765  383.45865 -262.68065
     00825   -0.17353    1.14697   -0.22289    0.17667    2.78431    1.57572  359.15493 -275.47589
     00826   -0.08657    0.09674   -0.16612    0.11958    3.33333    1.92676  300.00000 -219.00501
     00827   -0.05562    0.10718   -0.11648    0.12221    1.07843    1.08181  927.27273    2.89845
     00828   -0.17917    0.80257   -0.23594    0.16952    2.64706    1.91816  377.77778 -143.55401
     00829    0.02672    0.82669   -0.24546    0.13378    3.52941    1.64916  283.33333 -323.03659
     00830   -0.00305    0.06305   -0.14037    0.05878    2.58824    1.19109  386.36364 -453.20652
     00831   -0.26724    0.85879   -0.27373    0.16873    2.35294    1.43927  425.00000 -269.79452
     00832   -0.03487    0.06773   -0.22785    0.12296    4.80392    2.29253  208.16327 -228.03699
     00833    0.01956    0.16685   -0.27278    0.12944    3.17647    1.39616  314.81481 -401.43776
     00834    0.01685    0.12722   -0.15643    0.08380    1.31373    0.69987  761.19403 -667.65210
     00835    0.00311    0.07694   -0.12708    0.04585    3.62745    1.20393  275.67568 -554.93881
     00836   -0.06800    0.79618   -0.18033    0.09654    4.03922    1.74851  247.57282 -324.34285
     00837   -0.21216    0.83612   -0.23703    0.14731    2.11765    1.09629  472.22222 -439.94758
     00838    0.10090    0.16295   -0.10497    0.09501    0.84314    0.69656 1186.04651 -249.57679
     00839   -0.28480    0.92256   -0.24980    0.13605    2.50980    1.27376  398.43750 -386.64257
     00840   -0.24208    1.05040   -0.32509    0.24816    2.13725    1.53418  467.88991 -183.92384
     00841   -0.04175    0.12425   -0.17194    0.15836    1.17647    0.85648  850.00000 -317.56479
     00842   -0.01699    0.11625   -0.13077    0.10240    1.78431    1.10815  560.43956 -341.96799
     00843   -0.02748    1.01446   -0.16970    0.13297    2.17647    1.54293  459.45946 -188.65946
     00844   -0.40080    1.31692   -0.20079    0.15453    2.41176    1.30123  414.63415 -353.87054
     00845   -0.03811    0.10299   -0.21901    0.11717    3.47059    1.75290  288.13559 -282.34705
     00846   -0.05385    0.09763   -0.37796    0.26387    3.45098    1.76362  289.77273 -277.24406
     00847   -0.08130    0.08494   -0.19253    0.08393    6.96078    2.26621  143.66197 -297.60300
     00848   -0.40948    0.71948   -0.35886    0.19313    6.62745    3.28371  150.88757 -153.64567
     00849    0.01203    0.84170   -0.33801    0.16750    3.13725    1.55953  318.75000 -322.46782
     00850   -0.05870    0.06265   -0.13569    0.05680    4.33333    1.27827  230.76923 -551.53506
     00851   -0.05417    0.06719   -0.19267    0.06575    6.96078    2.24010  143.66197 -302.74569
     00852   -0.08182    0.09503   -0.26485    0.12163    5.76471    2.51730  173.46939 -223.78182
     00853   -0.02354    0.14287   -0.09023    0.09051    0.88235    0.75789 1133.33333 -186.12256
     00854    0.02989    0.07915   -0.11944    0.06034    2.49020    1.05482  401.57480 -546.45265
     00855   -0.19994    0.78417   -0.17036    0.10099    3.96078    1.80371  252.47525 -301.93808
     00856   -0.00873    0.13678   -0.14348    0.16429    0.86275    0.79260 1159.09091 -102.57437
     00857   -0.12860    0.64472   -0.11119    0.46186    0.05882    0.23529 17000.00000 12750.00000
     00858   -0.18688    0.93893   -0.17125    0.20399    1.15686    1.12673  864.40678  -23.12036
     00859   -0.00325    0.14152   -0.15815    0.12956    2.11765    1.40931  472.22222 -237.34407
     00860    0.00565    0.12374   -0.12090    0.14129    0.70588    0.77445 1416.66667  125.42397
     00861    0.02270    0.35864   -0.15813    0.26218    0.52941    0.84837 1888.88889  710.15097
     00862    0.01665    0.09691   -0.15557    0.13108    2.52941    1.80797  395.34884 -157.75876
     00863    0.05037    0.06384   -0.14995    0.11460    1.72549    1.20584  579.54545 -249.75025
     00864    0.04925    0.14784   -0.10458    0.16354    0.39216    0.56285 2550.00000  773.33081
     00865   -0.63598    1.15497   -0.37902    0.29315    2.62745    1.80371  380.59701 -173.81632
     00866   -0.15615    0.90184   -0.25032    0.20196    2.90196    2.21629  344.59459 -106.60918
     00867   -0.01640    0.12985   -0.10218    0.15367    0.37255    0.52247 2684.21053  770.21463
     00868   -0.07315    0.34000   -0.13269    0.23029    0.31373    0.54197 3187.50000 1342.38476
     00869   -0.15404    0.17726   -0.30192    0.16752    3.84314    2.03280  260.20408 -231.72936
     00870   -0.01514    0.09681   -0.17304    0.17467    1.58824    1.48425  629.62963  -44.11120
     00871    0.00350    0.14546   -0.10598    0.12145    0.58824    0.66204 1700.00000  189.51036
     00872   -0.07591    0.05364   -0.11813    0.03786    5.23529    1.69877  191.01124 -397.65062
     00873   -0.09059    0.76212   -0.23873    0.10766    3.66667    1.76754  272.72727 -293.03211
     00874    0.01708    0.12262   -0.12024    0.14615    0.66667    0.73208 1500.00000  134.03746
     00875   -0.01063    0.06630   -0.14168    0.03863    5.27451    1.49612  189.59108 -478.80528
     00876   -0.00190    0.05153   -0.16752    0.05201    7.27451    2.08711  137.46631 -341.66574
     00877   -0.41123    0.84863   -0.20020    0.11856    4.11765    1.96685  242.85714 -265.56917
     00878    0.04617    0.07640   -0.15279    0.06510    5.00000    1.72638  200.00000 -379.24633
     00879   -0.06611    0.12135   -0.27950    0.11090    6.94118    2.66724  144.06780 -230.85113
     00880   -0.01218    0.06152   -0.26924    0.14820    5.90196    3.13897  169.43522 -149.14061
     00881    0.00817    0.05972   -0.16131    0.11850    3.66667    2.47074  272.72727 -132.00914
     00882   -0.02601    0.09974   -0.18654    0.12138    3.15686    1.66124  316.77019 -285.19094
     00883   -0.03775    0.10996   -0.18669    0.14053    1.56863    0.99518  637.50000 -367.34077
     00884    0.08614    1.32783   -0.26665    0.16547    2.31373    1.14601  432.20339 -440.38865
     00885   -0.04574    0.08229   -0.20751    0.11886    2.74510    1.31124  364.28571 -398.35376
     00886   -0.04199    0.16867   -0.15623    0.10693    1.70588    1.01545  586.20690 -398.57666
     00887   -0.17209    0.73422   -0.26517    0.13914    3.25490    1.47984  307.22892 -368.51973
     00888   -0.00723    0.09534   -0.21886    0.16693    1.92157    1.24999  520.40816 -279.59799
     00889    0.00667    0.10921   -0.14342    0.09812    1.11765    0.70425  894.73684 -525.22058
     00890   -0.00932    0.07234   -0.11938    0.03869    4.09804    1.34682  244.01914 -498.47189
     00891   -0.22401    0.70036   -0.24637    0.10485    3.25490    1.43954  307.22892 -387.43669
     00892    0.04071    0.13425   -0.11644    0.10323    0.94118    0.63899 1062.50000 -502.47685
     00893    0.04497    0.10865   -0.11341    0.05052    2.17647    0.90111  459.45946 -650.28560
     00894   -0.03514    0.07699   -0.18226    0.05689    5.96078    1.82532  167.76316 -380.08579
     00895    0.01774    0.06421   -0.15532    0.08317    4.21569    2.06097  237.20930 -247.99913
     00896    0.09286    0.29665   -0.18922    0.19949    1.07843    0.96697  927.27273 -106.88883
     00897    0.08324    0.08646   -0.09960    0.05619    1.96078    0.94891  510.00000 -543.84498
     00898    0.03801    0.07288   -0.15028    0.07121    4.45098    1.81836  224.66960 -325.27754
     00899   -0.02222    0.87205   -0.19437    0.15983    1.94118    1.25888  515.15152 -279.20632
     00900    0.06694    0.16458   -0.13300    0.10517    1.17647    0.70588  850.00000 -566.66667
     00901    0.01528    0.08400   -0.19392    0.09785    4.49020    2.15454  222.70742 -241.42787
     00902   -0.02548    0.10951   -0.22523    0.11794    4.35294    2.23013  229.72973 -218.67499
     00903    0.00868    0.07319   -0.13763    0.08703    3.66667    1.87519  272.72727 -260.55184
     00904   -0.14288    0.89688   -0.21294    0.14935    2.66667    1.62899  375.00000 -238.87889
     00905    0.03353    0.06978   -0.10532    0.07016    1.43137    0.89124  698.63014 -423.40128
     00906   -0.60253    1.15015   -0.23082    0.13937    3.23529    1.73305  309.09091 -267.92669
     00907   -0.03699    0.16243   -0.18988    0.12464    1.54902    0.97646  645.56962 -378.53502
     00908   -0.10076    0.08511   -0.20625    0.10525    3.33333    1.77859  300.00000 -262.24168
     00909   -0.07458    0.11114   -0.29075    0.15464    3.78431    2.21681  264.24870 -186.84916
     00910   -0.07035    0.06740   -0.22415    0.08674    4.33333    2.15722  230.76923 -232.79052
     00911   -0.05714    0.09754   -0.26915    0.09466    5.23529    2.02522  191.01124 -302.76328
     00912    0.21507    0.56032   -0.26228    0.12720    5.80392    2.94405  172.29730 -167.37075
